16cell,-0.0613664256106358,-0.000157548471999493,-0.0832960829866119,0.0365030677037834,0.0290039650727071,0.0204917644972296,-0.000549456509509597,0.0370573401540599,0.00774103965682033,0.00537647901367719,-0.0159240087209712,-0.00651564423803448,0.0662250253735667,0.0088883540974872,0.0521949410059478,0.00431250207266558,-0.0147963065559792,0.0131381389248219,0.0542992623149285
16cell.1,-0.0610533904797099,-0.00572336597264647,-0.0719220788566373,0.0337618848188007,0.0377970246389804,0.0251597782743855,-0.00803987599865933,0.0552615795174575,-0.0418764251132865,0.0166458077004956,0.0386510370336237,0.0284298357659952,0.0631725681677343,0.0227086274039174,-0.00495464288236296,-0.0193094206346948,-0.0475680419206497,0.0373765139730202,0.0784107637180218
16cell.2,-0.0613481213984628,-0.000753409048100327,-0.0846479946345303,0.0324237611229029,0.0294838490219298,0.0271492685512052,-0.00936351568932278,0.0471812275564027,0.00349928066165636,0.0463052936833989,0.0136319060073643,0.0341547313632994,0.0899881309287267,0.0354660499951701,0.0239584982421721,-0.0214132732069344,0.0116029012189519,0.0273985279929302,0.0675288670994309
16cell.3,-0.0612025688358498,-0.00678096543964084,-0.082175947943009,0.0231692818587932,0.0197924933309158,0.0226606201495623,0.0049252596972362,0.0294988119432545,0.0116956059107023,0.0219861178607918,-0.00641419685756926,0.0345496909225721,0.0808052185694076,0.0418044323853163,0.0293942207857423,0.00297508218303629,0.0116897888920006,0.00350902572286762,0.0621265086483422
16cell.4,-0.0620323877132924,0.00224019686135939,-0.0823929220040975,0.0390182422623325,0.0261819603449564,-0.00279936411844207,-0.0151682503264671,0.0298688140187995,-0.00508421647547875,0.0427290415272304,0.012710908606115,0.00207582485590167,0.0853659511190622,0.0492509054362395,0.0333364995060278,-0.0022364574867086,-0.010949628239959,-0.00193897009236392,0.0659801424681948
16cell.5,-0.060829240296421,-0.00186283837293533,-0.0741571584167037,0.0404174423422153,0.0358336635084421,0.0391930764152049,-0.0180258044199944,0.0314053978495741,0.0126290270552307,0.0385037607966557,0.0486443343509652,-0.0255560195895249,0.0768032080207166,0.0558609700944711,0.0313563548888234,-0.0448534620275913,0.000801077707610558,-0.000947584461207842,0.103380338059479
16cell.6,-0.0606744248196275,-0.00519010905240191,-0.0831569818238318,0.0321885412411567,0.0315833455362184,0.0406619919581934,-0.00150017698309277,0.051046192943337,0.00977576157379106,0.0226180604884357,0.0300854783607038,0.0476467778625824,0.071394664334965,0.0320538004267995,0.0162015879226931,-0.0359754972572383,-0.0290716149920561,0.00767109847805783,0.0872164300547534
16cell.7,-0.0616762651692597,-0.00240011915394185,-0.0781394266794283,0.0212398659514618,0.0251317486559995,0.0139072734113598,0.0031092011739063,0.0395500043552434,-0.0201869039907984,0.0565621350653888,-0.00929525378366743,0.0473125790777264,0.0705460404486017,0.0516553227666852,0.0202732984863685,-0.00836564304601762,-0.0171092943613648,0.020096231513387,0.0481929349043771
16cell.8,-0.0614480584568248,0.000441259424228657,-0.0705547977126973,0.0280302885911992,0.0248742724367287,0.00967289854392261,-0.00987071967260246,0.0251646340503011,-0.0214035454061068,0.00509310290106098,0.0113284773860104,0.0198993442976674,0.0572000537182779,0.0466676964112602,-0.00561712947280683,-0.0127022338071392,-0.00379829351992925,0.0287749111844847,0.060042718862121
16cell.9,-0.0617476004564532,-0.00229789111875506,-0.0722017019884042,0.0264582160435077,0.0263568173150838,0.00171578551141782,-0.00521541113437222,0.0574209325053056,-0.0181244934386277,-0.0177081189573087,0.0137387184565089,0.00398416074739266,0.056929089028693,0.0454479410076601,-0.0025398300455708,0.00404438607271042,-0.017393134526783,0.0109932829701963,0.0693747753946666
16cell.10,-0.0615610502246453,-0.00468503886447366,-0.0758388746095226,0.0238379041381514,0.0364967502269429,-0.00324370961120185,0.00279319778099762,0.0477929724247856,-0.023708253336669,-0.0289543296068539,0.0151510866655867,0.017699088115638,0.0514796443181985,0.0291766286823338,-0.00587755617347538,-0.00732452466339932,0.016470645950445,0.00386447872987895,0.0455524520683386
16cell.11,-0.0607416452071129,-0.000713648309193334,-0.0674046610437489,0.0360267921272035,0.03299381690674,0.0379770501176117,-0.0213950743743208,0.0438841816645696,-0.0183585874264076,-0.0214080514687401,0.00969149875249273,0.0531664029928073,0.0695449840212221,0.0229134434563481,0.01794067702725,-0.000484234279398111,0.0188125692570183,-0.00545770495052003,0.0761312484902099
16cell.12,-0.0625189613277166,0.000747678918938322,-0.0715518751027436,0.0292281283481717,0.0149612197425208,-0.0226509268207265,-0.000824034346588093,0.031792649632201,-0.0153218542102542,0.00991339803059779,0.0160241922056346,-0.0230753474932026,0.0563302620247007,0.0580586703712608,0.0398563933624603,-0.00667546547223807,0.00899544209393307,0.0238213447930627,0.0432653299728264
16cell.13,-0.0615030433928712,-0.00189484051642578,-0.0741122791619041,0.029313271314146,0.0115202913380211,0.0144961358811819,-0.00125455004263375,0.0398555840536704,-0.0171917022267937,-7.44586475122377e-05,0.0221675661471345,0.0131473908532998,0.0774518929813235,0.0843695632607931,0.018852583100727,-6.24927047810659e-05,-0.0201025651917257,0.0201511279876965,0.0913697594553674
16cell.14,-0.0618173296624501,0.00178407614601334,-0.072992789894401,0.0475379047875509,0.0225163959442422,0.017744945372742,-0.0286880768025983,0.000227254813755413,0.0356428308563873,-0.0650534209088942,-0.0482778478698896,0.00892031784333349,-0.0311413928903823,0.00782552503060888,0.0336141180893178,0.0189691242119753,-0.0003287851722234,0.0224035756744983,-0.0355122871836732
16cell.15,-0.0577620052070971,-0.0231119646404725,-0.0374944779935349,0.0196007178031897,0.00705594569911241,0.141267156089882,-0.00862866976093535,0.0257629190398217,0.0956818447638801,-0.157747481132411,-0.0270719587550467,0.141982272218103,-0.128378071642884,-0.0787542511640894,0.119521074347268,-0.118326585532535,0.0090853182628884,0.124018374147868,-0.0806967571205854
16cell.16,-0.0582781856406154,0.00433199750610414,-0.057116051359162,0.0421440228144388,0.0218213948161391,0.138016594051023,-0.0330732170482361,-0.0167372783657002,0.0377822270764846,-0.0219148016982511,0.138074225887107,-0.234304331861464,-0.174180062275697,-0.174082447499587,0.0446214008049683,-0.021563211086216,-0.0609477476208042,-0.0407143094783075,0.0531101410284819
16cell.17,-0.0539939932898336,-0.0901532510376094,0.0585107087020695,0.0598899639245988,0.014121960087677,0.165276190386648,0.0950326184512822,0.00586281048905107,0.00905568726634794,-0.0688861699207222,0.0923303360125742,0.212323133263916,-0.565259727872273,0.350812890612597,0.510040947606923,-0.0298999676187771,-0.163455192546599,-0.0963605404263757,-0.11329583100282
16cell.18,-0.0613699459478283,0.00649144453677473,-0.0830152718372299,0.0494331471178187,0.0354728143975064,0.033493363902396,-0.0274408660900364,0.00935123613600595,0.0207435834170849,-0.0380712262870681,-0.0323760108951723,-0.00778422857523022,0.00381499432784921,-0.0127726098732388,-0.00190946911738019,0.0199792083637129,-0.014754753540918,0.0527476720358851,-0.0186865040629547
16cell.19,-0.0614953663034357,0.00790590096988275,-0.0804172197697031,0.052856130742402,0.0144557785379644,0.0348223862982095,-0.0389922921035702,0.00706031387855207,0.054106066160149,-0.0596008186543102,-0.0329002355320912,-0.0213120280143219,-0.0208344049029766,-0.0227986580410048,-0.012108285433572,0.0254997610832796,-0.010821560969939,0.0344035852203658,-0.000557387745690184
16cell.20,-0.0615282618521744,0.00686276622039308,-0.0852304906269308,0.0482252462524287,0.0108013711744679,0.0208374640249692,-0.0248239746285047,-0.00248094252103688,0.0477652182052303,-0.0269055634223211,-0.0338918621862716,-0.0197870747822325,-0.0118523758703488,-0.0014059537210154,-0.0134553138708485,0.0163531547976754,-0.0103886372114315,0.0260143287163294,-0.0193271501485727
16cell.21,-0.0617884481460813,0.00677435793162026,-0.0870631194500512,0.0457991893399,0.0251697811849343,0.0222825431456856,-0.0328413912741162,-0.00390668350076765,0.0482260691127609,-0.022620581005511,-0.0199503845899241,-0.0213269557916737,-0.01232070196175,-0.0339185350312565,0.0057420429977461,0.0400420661475021,0.00836120491752201,0.0351160777320506,-0.00106429815290102
16cell.22,-0.0628941791918475,0.0121246486725577,-0.0802753036258846,0.0432589557562136,0.0164823892282636,-0.00500851950298756,-0.0483080478646009,-0.0177310283782107,0.0265079238401663,-0.0390022320749451,-0.0242260506683649,-0.0351686872419977,-0.0106375415816625,-0.0211011852483444,0.00328611417322126,0.00584775921543448,0.0122862509811133,0.0212184578004206,-0.0437681997532778
16cell.23,-0.059242936153757,0.00652265288594644,-0.063352820455353,0.0501756551227824,0.0235063780773741,0.109266851709426,-0.0214925475206782,-0.0147750045845058,0.058382202789008,-0.0975803212638972,0.0493867754847557,-0.140438700651657,-0.0657149358647507,-0.150861191395802,0.0149522711163708,0.0300398445942152,-0.0470323609276887,-0.0673675397039989,0.0699350711391321
16cell.24,-0.0599749235773246,0.00423099128804837,-0.0666702641220923,0.0444802668381039,0.0119090075155602,0.0912404737694931,-0.0339900842164793,-0.0439300372265546,0.0910408172338105,-0.0779903861318517,0.0347854624962881,-0.139039804023124,-0.0847562319430792,-0.104136848276712,0.0182857825145296,0.0143140267176678,-0.0399960219040349,0.00508911531429698,0.0363423493786549
16cell.25,-0.0613219747889678,0.00928264448582028,-0.0657869881016468,0.0494829688071251,0.0150438439319957,0.0392211181035497,-0.0567495263605878,-0.0110262956897839,0.0323852432287931,-0.0784864142833565,0.00264973999437196,-0.0816366202153007,-0.00398801227246738,0.0343505573968671,-0.0196087283180606,0.0026711851032331,0.00805008118677516,-0.0397754498236706,-0.0291813364048295
16cell.26,-0.0624728223585666,0.0111085197474757,-0.0678241951353332,0.0498893478644951,-0.0183606270985756,-0.0154900355505398,-0.043406837462115,0.0174863601605831,0.032520424261425,-0.0420061262991131,-0.0525651662391355,0.00931356617362998,0.0129160620578046,0.0221426324630155,-0.0328490170349091,0.00930516646227568,0.0160889095740891,-0.00634548076251249,-0.0593691058674879
16cell.27,-0.061997311192501,0.0124816138029819,-0.0693736679668981,0.0549915968918221,0.0161172279157593,0.00438306261546518,-0.0695481791395233,-0.0096772802995992,0.0369576112663204,-0.0501648436018945,-0.0306469184762111,-0.0329543228347025,-0.0102087104044743,0.0339418655110151,-0.0510611904022364,0.0209406782996527,0.0326691082854163,-0.043094460231223,-0.0650744926962579
16cell.28,-0.0617762608901828,0.00572839302489284,-0.067472848725765,0.0448587391988218,0.0173065466600134,0.0017607116364032,-0.0304832059119462,0.0319097647317507,0.0124498177771505,-0.0265585018021372,-0.0156923111692403,0.00532717294684918,0.0284812655087067,0.0190257107011477,-0.0120980944524651,0.00786530973701019,0.00776826393730372,0.00263862346482843,-0.0265794323129865
16cell.29,-0.0622813621205737,0.00804734998740257,-0.0736364094935355,0.0509537100488837,0.0243872809870642,-0.00482731746336764,-0.0580798506209517,-0.00858342704978049,0.0217484407627064,-0.0206594189906161,-0.0141865795643727,-0.049344842533698,0.0174729099748542,0.0157369755342934,-0.0241348740368692,0.00341510461701257,-0.00783096545538738,-0.0363643809964264,-0.0227738162084366
16cell.30,-0.0618703351131235,0.00695265514263395,-0.0767263002476127,0.045032885042288,0.0186739649809371,0.00540987349996248,-0.0346264168308506,0.00561544770145855,0.047763411046735,-0.0375383235065008,-0.017612890948416,-0.0155175501569361,0.0213546749604381,0.0466776206375676,-0.0755279865990034,-0.0012445683644456,0.0182673135347339,-0.0111811900537043,-0.0642800948401776
16cell.31,-0.0602673343266794,0.00703281040787579,-0.0521065343375882,0.0380690148543932,0.00525625372547844,0.0654427347138152,-0.026499350605488,0.0118513650453064,0.0495042348000328,-0.0584256484670103,0.00985210820386359,-0.126260004273737,-0.0350490547811763,-0.0702752683646666,-0.00227416021336614,-0.0018458470811641,-0.0361928828472215,-0.0489998899505609,-0.00710678190533922
16cell.32,-0.0570018349061583,0.00178079892395252,-0.0362564438942864,0.0393704579631177,0.00300363966224957,0.17529599461194,0.0142726419082144,0.00581900309800675,0.0923231079360832,-0.152566694817151,-0.127917854557416,0.196716926529809,-0.0235305297337932,-0.033002550384216,-0.180429096046787,0.0106448508236659,-0.133241095424137,-0.0609723100390389,-0.222542307622985
16cell.33,-0.0618970399940708,0.0121334177697694,-0.0735656418044416,0.0532091066653564,0.006407776810771,0.0160437875547639,-0.0607481530651108,-0.00371703404190626,0.0605307530768978,-0.05401922703295,-0.0571841291234383,-0.019737544457493,0.0218120079112208,0.0158417860561108,-0.0445146814934024,0.00199854270078419,0.0134125045901581,-0.0428804434051232,-0.0775331248921334
16cell.34,-0.0623110367873242,0.0180135138507881,-0.0603471439247308,0.046984250354331,0.0135594774692902,-0.00990523927800211,-0.0611864040064404,-0.0081785291206214,0.0152334368283021,-0.0169090557997863,-0.000399047518886538,-0.0206237790686823,-0.00696426779932986,0.0289760422461176,-0.0555635354731452,-0.00548358034598221,0.0201151250489538,-0.0419849953483501,-0.0577679138102118
16cell.35,-0.0623982881340413,0.0124266200477799,-0.07090507974224,0.0513272471659684,0.00171909461002624,0.000986708570182479,-0.05160473963558,0.00581427539664679,0.0483591200695995,-0.0304067392898502,-0.025604757515903,-0.0156530709768928,0.0112279880873584,0.0235525407449442,-0.0256297928391617,-0.00153253239289094,0.000873057221090854,-0.024914520468063,-0.0288578743861458
16cell.36,-0.0623255037261589,0.0126913377681686,-0.0638864455954959,0.0512781441232257,0.0142852200637521,-0.00584545256216851,-0.0580126207817637,0.0011112488744575,0.0367293793146516,-0.0324053265611579,-0.0258361730288354,-0.0429073334119497,0.0282830883568165,0.0238386687504709,-0.00632914303950187,0.0180785657956452,0.00961080918570826,-0.00752356749634439,-0.042603697616696
16cell.37,-0.0614755082348397,0.00574995161734356,-0.0659041779235938,0.047881122954245,0.00546043134380148,0.0199553597654833,-0.0258670938536223,0.0252718293011309,0.0356975324941323,-0.0479883242579674,-0.0202822352644313,-0.020736571848535,0.0382041285637583,0.0510016017265405,-0.0250181299412002,-0.0200409844090774,0.0133495023781223,-0.0438098226173966,-0.024028335878465
16cell.38,-0.0604332654780254,0.00585141492419247,-0.0532175999245728,0.0403568997410244,0.00206119446821548,0.0543419937711966,-0.0261847914982181,0.0110411018104604,0.0347016189251073,-0.127959965845291,-0.0717607053591264,0.0986378802843822,0.0421625803605327,-0.0225076511178851,-0.0433880397473527,0.00899348594700605,0.0576372866925756,-0.0236345795758064,-0.0619186861115181
16cell.39,-0.0600988849320489,0.0110581960221459,-0.0569245607228867,0.0467037229616352,0.0172093009344356,0.0697276473714565,-0.0689651620532597,-0.0302019661144852,0.0377868011079048,-0.0945165678708805,0.069992011181911,-0.210368954299336,-0.115924554455748,-0.104022012667536,-0.0742614986490094,0.0115059763898799,-0.00998920004243386,-0.073006782428014,-0.0979620079439584
16cell.40,-0.0616579303148856,0.0155138985218849,-0.067194944825922,0.053758577005608,-0.00164817138232471,0.0336198073896702,-0.0593254453112352,0.0247916156733681,0.0421398882959996,-0.0886225876781491,-0.0773766327026935,0.017129981619884,0.00296319370085906,-0.0176661045833008,-0.0296018364928635,0.0439144060568729,-0.00583700458927265,-0.00562171950396021,-0.127882805273749
16cell.41,-0.0624495822977153,0.0174349938485577,-0.0661036540110278,0.0444945167095272,0.0201621049978956,0.0084259728744479,-0.0689340138038482,0.00285616036649518,0.0156094894600259,-0.0623328666830732,-0.0613734791891555,-0.0220055503764168,-0.0205203413026111,-0.0162772223469036,-0.00315630072659047,0.0334603537659636,0.0208539804318569,-0.0152389626714665,-0.0759685235700349
16cell.42,-0.0608529137164172,0.0114646893818276,-0.0533345229619823,0.0435664683936423,0.00383965561124229,0.0448780935762765,-0.0477113688202174,-0.0048058129576683,0.0277117601484914,-0.104980372856866,0.00124702764291935,-0.056512960593062,-0.042554915529656,-0.0714441743045038,0.00940913365690578,4.52992650379304e-05,-0.0302028167021594,0.00352553192821743,-0.0321681161826072
16cell.43,-0.062431612665404,0.015369937623948,-0.0728908399804076,0.0429315172099935,0.0276631228991824,-0.00248507587583504,-0.067575784768818,-0.00937399095337479,0.0216912116829339,-0.0416984289218584,-0.0246107407269057,-0.022039094354403,-0.0258184560626832,-0.0204335063634591,-0.0185935270183832,0.00165160601742469,0.0218470991118724,-0.00505385910652012,-0.0726049260678607
16cell.44,-0.0620979063865637,0.0121399298411107,-0.0700778119782074,0.0404319961376089,0.0223012170959864,0.000154037946968725,-0.0594496432951987,-0.0145169107003548,0.0227281945678678,-0.0752749184549307,-0.043377997342744,-0.0302335446099791,-0.0361179236001578,-0.017414739402828,-0.0492744814016553,0.0106440648873901,0.0347107857014564,-0.0294227785041499,-0.0838436585290583
16cell.45,-0.0559709057848596,-0.00378231198930246,-0.0306788866520766,0.0303912558243881,0.0182734996325504,0.201176567942651,0.0301526291685568,0.0243126807456502,0.0996972860834216,-0.201318813194549,-0.160598766202663,0.46283534769675,-0.0899491011686667,-0.44745271790574,-0.00682520189491009,-0.100985595484139,0.220550397291502,0.176250397853656,0.347931735891555
16cell.46,-0.0625950576020067,0.0171370570901313,-0.05788967945754,0.0425196126731227,0.0187538650012043,-0.0197251829987685,-0.066484960487365,-0.0182718920438907,0.00982376878111545,-0.0818211821559994,-0.0410800434476919,-0.0172179595864636,-0.0081333585752195,-0.0261919561547076,-0.0263750941094919,0.0285262878617721,0.0283372349938444,-0.0188006411962646,-0.081559524630837
16cell.47,-0.0622620537810992,0.0177723684097555,-0.0583515267010935,0.0416959475017378,0.0252445285295198,0.00966649013377723,-0.0834571666166962,-0.0296595086723092,0.0176946798400589,-0.0733229153474538,-0.0350901112717376,-0.0806441884566055,-0.0417041733918471,-0.0434544174516288,-0.0248240951313792,0.0158815923493765,0.0279549300653953,0.0167621137067552,-0.108624155099269
16cell.48,-0.0632453158079217,0.019471757465171,-0.0610580717699837,0.036017280891375,0.0240912813316377,-0.0296257312582875,-0.0763089266341734,-0.0141535606979992,-0.0192032454275025,-0.0468525596498231,-0.0191753577979605,-0.0507404484560174,-0.0316979108600617,-0.0413222662626709,-0.0186229639880064,0.0194031947493363,0.0043885427283108,0.00327997738747574,-0.0655799750836467
16cell.49,-0.0612057495444922,0.0138901702442994,-0.0619315235535853,0.0485530351487655,0.015252030584503,0.054940760170154,-0.0784916973336068,-0.016251051677535,0.0206934491054043,-0.0735627599623997,0.0266565077542443,-0.138925207720493,-0.0753021461502373,-0.0622231198627437,-0.0421097853954994,0.0440602450436043,-0.019304461120225,-0.0271316310999308,-0.0692926270413083
4cell,-0.0596833398328667,-0.0608532080392663,-0.0623809032117674,-0.0984221873775459,-0.0186126066989011,0.0103893115555637,0.171105265148032,-0.0450133858658969,-0.0360520109131762,-0.060665022092853,3.27335267512087e-05,-0.00622223882041175,0.0609195391991041,0.00393032253706307,0.00457793304039397,-0.00242798485251114,0.000632422240880671,-0.00262093495449852,0.000550420905907397
4cell.1,-0.0600757124895476,-0.0631929170482832,-0.0650012884225094,-0.102919188647988,-0.0121342480370547,-0.00110534342968217,0.177748543150223,-0.0505755340785784,-0.0308217823329228,-0.0708762643143059,0.0029917565704923,-0.00925236881104177,0.0217987448102178,0.00161426827691971,0.0131585696307622,0.000888397885944027,-0.00383429595403043,0.0142680890672335,-0.0106146986697967
4cell.2,-0.0614639105885618,-0.0635423333885633,-0.0721479339535237,-0.101969048148522,-0.0117967934115435,-0.0455718671491133,0.181915421573837,-0.0556076029069723,-0.0410817561366989,-0.0431357500991082,-0.00264590603545985,-0.00456580139891704,0.0106328424720588,-0.00599321075739886,-0.0137690173369486,-0.0155248140402859,0.0150696305400371,0.00256891362151419,-0.0133923102601911
4cell.3,-0.0614818690793387,-0.0510029016074571,-0.0691425745281824,-0.0680286195440803,-0.0117704859514469,-0.0362489512588873,0.163548355098546,-0.0499192319071231,-0.0217147227217448,-0.0448592531701488,-0.012238658403907,-0.0200872574579282,-0.000779697345600282,-0.0217976188018637,-0.000725302159394706,0.0106869308567003,-0.014620286655045,-0.0155505098235538,0.00141975910320029
4cell.4,-0.061641564629118,-0.0569548108539734,-0.0707698010387522,-0.0895505419366305,-0.0169805199541026,-0.0519523241702763,0.189638386804906,-0.0599855923629778,-0.0361431288689428,-0.0572074064807213,-0.0174024026945246,-0.0239662910705802,0.0157286654073277,-0.0123621839254285,-0.0110969525513147,-0.016708591420427,0.00853368098947678,-0.00323654492547178,-0.0193038460041978
4cell.5,-0.0613831785979147,-0.0555188418098977,-0.0670972837090315,-0.0932753087232399,-0.00679701998529249,-0.041217305146744,0.174220554689426,-0.0646437025878195,-0.038335167142561,-0.0314647506038746,0.00438749680490705,-0.028904623866385,0.00531000898286395,-0.0182190397244473,0.0148605660634091,0.0102512935302942,-0.00984694731172832,0.017263547891708,-0.0115075259473407
4cell.6,-0.0614724451434116,-0.0522126508015848,-0.0682510041892099,-0.0828867550875512,-0.0106145982970288,-0.0376776394713624,0.164151697079955,-0.059794519311044,-0.028421901004545,-0.0401655220536317,0.00884716909108876,-0.0317008839260121,0.0100894854602144,-0.00850368949099051,0.0198655794054229,0.00463849502583324,0.00622326001485963,0.00394876704230668,-0.00590314777317507
4cell.7,-0.0611856121588179,-0.0481367103414709,-0.073622015520356,-0.0772227918683602,-0.0128302629761814,-0.0276526409068466,0.178152661359323,-0.0641259275052559,-0.0107731184188349,-0.061955145362477,-0.014093354526617,-0.024450148743023,-0.0103219886446583,-0.028149736109653,0.00268986130258222,0.00776641981366574,-0.0102511383016496,0.00818185452593405,-0.0158085197517287
4cell.8,-0.0614496189309862,-0.0490811719654316,-0.075884573593411,-0.0765050334021381,-0.00948988614341177,-0.0375443818039708,0.167670023791974,-0.0605380482022552,-0.0368629829874211,-0.0467058994740104,-0.00611610499972777,-0.0204573686864933,-0.0174015948197257,-0.0181524349638062,0.000392397432435106,-0.00597300064797662,-0.0209216881360205,0.0177163679820058,-0.0136207955779357
4cell.9,-0.0615108449551954,-0.0552686023953842,-0.0760602529357354,-0.0864116475764765,-0.0109843072439979,-0.0415989192209516,0.175811042621634,-0.0576386422496855,-0.0119592310425172,-0.0482547647397029,-0.0172662495678803,-0.0200421133293654,-0.020569637213438,-0.01995341389461,-0.0013117402379616,-0.00493813479585496,0.0127232095720584,-0.000275084778822182,-0.00862772816334057
4cell.10,-0.0606697719329766,-0.068262572140945,-0.0697109085311507,-0.122421697335873,-0.0119172322714627,-0.0160857865624403,0.160740114152167,-0.0595777193810448,-0.0494843005670937,-0.0465284058142589,0.00213912469367138,-0.0323047063315567,0.00405501631456697,-0.0251552964489256,-0.0387198122483882,0.0155636347987804,0.0117691673657368,-0.0135218083897591,-0.0155545327157029
4cell.11,-0.0609150629704155,-0.0639071395411995,-0.0734461978173034,-0.110692405478903,-0.0136605838767305,-0.0235606147994632,0.171192321452439,-0.0673439363960574,-0.041515624380844,-0.050456047277886,0.014691720538148,-0.0243602660737053,-0.00181072017692177,-0.0142645833215756,-0.0254900769135321,0.0130316052468348,0.0161781668453399,0.00489445018580432,-0.0297591000671004
4cell.12,-0.0610026294493727,-0.0691919758868252,-0.0695077918347088,-0.117473796918866,-0.0171208345217837,-0.026877890602671,0.162538309756126,-0.0718372403352042,-0.0376064671870899,-0.0595549278121366,0.010359222285461,-0.0193774622081101,0.00370626347742199,-0.0377432667465323,-0.0107321641649734,0.0142765527019346,-0.00749013907201984,0.00442492093987199,-0.0237889164700453
4cell.13,-0.0603233877158518,-0.0761963915225203,-0.0570045863493459,-0.127275769738751,-0.0143993471886049,-0.0110446635739826,0.152087895502149,-0.0703924680068653,-0.0401892623893874,-0.0550624114163626,0.0115386541292157,-0.0172913309346958,0.00611802689874986,-0.0308253918531622,-0.00862059673203994,0.0108081256227916,-0.00361360016821843,0.0116354146903086,-0.0161123115851918
8cell,-0.0620855597210503,-0.00554252399108389,-0.0798267529494247,0.025396940250649,0.0125879680885393,-0.00242590130796355,-0.00172605082687135,0.00854478639450007,0.024486155343238,-0.014077647851347,0.0040743721767362,-0.0242611551090096,0.0152516932214993,0.0328462889934921,-0.0128469068100684,-0.000329131685953745,0.0394766009603257,-0.026051317540297,0.00393745315975463
8cell.1,-0.0626951030074388,-0.005058681604545,-0.0836048532394784,0.0317903433354186,0.00780447956338301,-0.0242543044746207,-0.0210653907019989,-0.00615073513946249,0.0404475891991104,-0.0162866847315619,0.0149692967241736,-0.0289048339459637,-0.00530372711318554,0.0254786317179928,-0.0235812453059535,-0.00823826716390597,0.0224545520863388,-0.0307659257868472,-0.0129165200484781
8cell.2,-0.0623594676960015,-0.0200842328168796,-0.0728385602503399,0.00366789019112406,0.00615742781437746,-0.0187846642989133,-0.00551431578485193,-0.000743079633703352,0.0202270912121307,-0.0236970045376786,0.0023110067205875,-0.00261192617673905,0.00251786990053051,0.053398057859051,-0.024495955796464,-0.0294270270716337,0.0168970687647355,-0.0399854090570583,-0.0381995526286435
8cell.3,-0.0629029309158769,-0.0176465257297851,-0.070389886865415,0.00740657220435854,0.00631542721816962,-0.0398421415784389,-0.0115890357871821,0.00645697921245647,0.00177005857308078,-0.00915335519974747,-0.0249238966973814,0.00345860222405345,-0.02635535757357,0.0407169006424106,-0.00988801503087726,0.0104125451302392,0.0381919272121919,-0.0312034801135373,-0.0294934035158977
8cell.4,-0.0634546041560185,-0.000588333354151234,-0.0802387790813631,0.028370586657093,0.0130963511034837,-0.0568820172328045,-0.0211176399032158,0.0102395452169967,-0.00333173581481399,0.0121715486901884,0.018548258343837,0.00202036875789305,-0.00788758543088336,0.0207649451500418,0.00660983341437991,-0.00759593517291684,0.0285998843367292,-0.0257852762820218,-0.0209987571589336
8cell.5,-0.0636342637618467,0.00105656303834886,-0.0733655819298251,0.0333337581661606,0.0153385532893019,-0.068557093243288,-0.0217558077932114,-0.00452128496726623,0.00359458270397056,0.00300523223129228,0.0159802529478738,-0.0160620556581538,-0.00644864955735771,0.0220932053886159,-0.00783563553279869,-0.00248090471521043,0.0262982105184705,-0.0325548133622269,-0.0351312776878583
8cell.6,-0.0632658116524056,-0.00111821824526544,-0.0754186268998206,0.0309389345351403,-0.000815987994215328,-0.0537133345141667,-0.0109643870148074,0.00723847180845135,0.0132554553375456,-0.0124308302404526,0.0310640684793761,-0.0162605452471823,0.00889149413964823,0.0252887599740424,-0.00153867463218541,-0.00899195716929289,0.0442559646022681,-0.0358558621270139,0.00137035686870615
8cell.7,-0.0615028827917638,-0.00746066522000208,-0.0772170173053653,0.0162049762635218,0.0233265803928066,0.00392782779898341,0.0364952643656605,0.00571933434334993,0.0370108296918292,0.0404282194271582,0.0242059737075565,-0.0153512068525125,0.0609179296168179,0.0686000123743428,0.0679095019203577,-0.0098370062281625,-0.0293265621076389,0.0185213487717626,0.0714785393802929
8cell.8,-0.0613749363170021,-0.0123370207815086,-0.0777642269934495,0.00760627485793417,0.0148200775028532,0.010374211888153,0.0463653269541732,0.00219537261041962,0.0353525763742376,0.0353507530785775,-0.0279004553364868,-0.00171648898976298,0.0591865005308953,0.0884946460370755,0.0838929761334506,0.00248338651002199,-0.0444015573495237,0.0414601992168069,0.0715186282311224
8cell.9,-0.0610155681052139,-0.00605176543840163,-0.0745344643402747,0.0167721556222726,0.0269570145361983,0.0220602672229612,0.0426526783511695,-0.00183542447062781,0.0412449167521894,0.0451108559620539,-0.00649026252378183,0.0254955542100493,0.0396801234318125,0.0707090845469933,0.103025660161997,0.0213931636769503,-0.0534528171511997,0.0506738336096796,0.0858910251542889
8cell.10,-0.06167855431581,-0.00534656031879477,-0.0830377211715913,0.0161990618581414,0.0189422697275874,-0.000108665694895931,0.0212370799918913,-0.00643277330817679,0.0287885815979572,0.0471432670954992,0.00653921926510941,-0.00975229616088332,0.0153200460901743,0.0522303118014281,0.0405250130967138,-0.014984304746631,-0.0374941399055711,0.0271602709048011,0.0498328562704419
8cell.11,-0.0613208088546672,-0.00974247667299936,-0.0888032640738537,0.0153666748099473,0.016244557337277,0.0267971310429812,0.0344189655921286,-0.0134665360710555,0.0341550292517295,0.045551576666709,-0.0111622827992813,0.00653872261598238,0.0494094072946921,0.0580707388428691,0.0305367729506807,-0.00144592276143668,-0.0194409643834447,0.00934492077256436,0.0667145719203643
8cell.12,-0.061244776392014,-0.0120709572819874,-0.066808241943734,0.00355335981058215,0.0105940174558357,0.0161586828255562,0.0562172695128334,-0.0109340487834804,0.0289774121339042,0.0305450851032112,-0.00741781841894581,0.00153051326899453,0.07597435893336,0.0891782029837127,0.107227717737212,-0.00634151063818674,-0.0355492188299811,0.032267177292996,0.0723919253131635
8cell.13,-0.0608224916504381,-0.0100111093661071,-0.0791359970100762,0.0174621540706436,0.0166228763337799,0.0405755040081698,0.0405441528040825,-0.0117479163869099,0.0537430594112383,0.0264597372553361,-0.00392245648675936,-0.0128249491054865,0.0560649279061279,0.0567473393505391,0.11338151240738,0.000373929735842896,-0.043771697242383,0.0266559587277884,0.0989152612684764
8cell.14,-0.0624672998671462,-0.00145132149687286,-0.0745719315811355,0.0292368005707944,0.0313126709320746,-0.0238660373517085,-0.0334248144203379,0.0250486230665561,0.020235531573684,0.0374462142083797,0.0138416915660853,-0.00636329424273171,0.0544985065788265,0.0469929663122406,0.0466816430022094,-0.0123100671810635,0.00652275933863704,-0.00553103773085879,0.0312548848467777
8cell.15,-0.0619498752408258,-0.00506675678553283,-0.0826527024009798,0.0301426853644602,0.0145969284122831,-0.00930236521811968,-0.00169696845647116,0.0328297496551175,0.0107973652738907,0.0470951059818519,-0.0013282572843548,0.0272416619606024,0.0524409968526515,0.0372833203784514,0.0275573103565279,-0.00555415890003109,-0.0112804388731632,0.00818686603759701,0.0333182151367993
8cell.16,-0.0622791553618751,-0.00512131823947936,-0.0954343702462547,0.0254538262351081,0.023362292330855,-0.0123017755168013,0.0177626328755343,0.0303289852063318,0.00746530509178682,0.0468327379845979,0.0104305852321178,0.0115753235331759,0.037864013059799,0.0508196270762213,0.0370836780661805,-0.0154025939140037,0.00666751134803766,0.0311347269844511,0.0400779091571791
8cell.17,-0.0623951107446983,-0.00450923910667267,-0.0793483608446499,0.0292531859540784,0.0137220627599969,-0.0229565425004286,-0.00449252396518173,0.0354663422419918,0.000796279962026504,0.0283918998079073,0.00633363575212759,0.0211199553133707,0.049927094690513,0.0549982983208446,0.0373402197876991,0.00308024882061243,0.00554178489751329,-0.0136161296071447,0.0427681815217426
8cell.18,-0.0618549579534615,-0.00391426212355003,-0.0926571543987969,0.0389609077968892,0.0207102019186288,-0.00231768802348533,0.0123779409238023,0.0388594867497162,0.00893497956472884,0.0444388967933162,-0.0111820301581253,0.0296639134263051,0.0531255321982561,0.036894319486287,0.0339821302746263,0.00270032596743357,0.0075598829623728,-0.0172068457799063,0.0395003080267914
8cell.19,-0.0618187142736288,-0.0049669881644891,-0.0915406724155923,0.0333765656432435,0.0249302006750649,-0.00370329312449235,0.0133015307764484,0.0340181800318649,0.0138924025197971,0.0718426399844671,-0.00479508099277177,0.0345891429863067,0.0434498070810437,0.0438066649581368,0.0324081990166018,-0.0201928274946926,0.00678700333535241,0.0122240095100109,0.0356265039537693
8cell.20,-0.061817560658385,-0.00744090962110135,-0.0947981288470297,0.0290309070508167,0.0220397548337743,0.00206274287661499,0.0172366298722384,0.0304487886855655,0.00980261799852281,0.0487996039934085,0.0163455407204218,-0.00713121394713923,0.034005853867919,0.0426988031557286,0.0238749635965403,0.00474874816496517,0.00146647123151509,0.0176822477874511,0.0511544750574261
8cell.21,-0.0620095121418232,-0.00558366454704296,-0.0802155259520677,0.0283917956875553,0.0146864613039664,-0.0110925616036642,0.0204032075767749,0.0386022477513361,0.0172751731448723,0.00718667761264823,0.0190272333409531,0.00255537630744221,0.0402466161390412,0.0531444510430591,0.0366403021922305,-0.00182862141354467,-0.0225640958759128,0.00602505722138726,0.0456060839379183
8cell.22,-0.0621263173195938,-0.000404040019279497,-0.0829195615236819,0.0374734169754207,0.0266628492012258,-0.00282176931442237,-0.0143932370914833,-0.00301298489055854,0.0298411630739589,0.013377063692233,0.00343224286106781,-0.0230533257004397,0.0406964773190517,0.0456704598716529,0.00982889315881089,-0.01829083213085,0.0180010903448649,-0.00477175092543904,0.0387259428652941
8cell.23,-0.0617533158485091,0.00771660309188031,-0.00432595004491181,0.0110728071445576,-0.0126239307999709,-0.0811372107312801,0.0307312898204519,0.0251706785561233,-0.00907377183672759,-0.0194245188541264,-0.00511912213643643,0.0205293577074094,-0.007792884199837,-0.0735467399639511,0.0378784439868231,-0.0218810383001942,-0.00236322237674695,-0.0251246465850117,-0.00702836841316369
8cell.24,-0.0618081538942192,-0.00509895427064201,-0.077832332950764,0.0250295523233863,0.0112602792831669,-0.000867640964708416,0.0179930778030532,0.0273924226079728,0.0321124551342377,-0.00555406716794931,-0.0140033182802632,0.00872479110865746,0.0847585959497682,0.077268677418737,0.0531200715371634,-0.035997245588457,-0.00342264904991383,-0.00181874851549419,0.0218449354641559
8cell.25,-0.0633592881565054,0.000327773201726234,-0.0770674492756728,0.0290781657235624,0.0121216286931222,-0.052108774462502,-0.0201387333002934,0.00654542725623313,-0.00112114944904649,0.00675921801328624,0.0116730256126508,-0.0115512340585742,0.0161011109192136,0.0517642188582065,0.00792451640835537,0.000801374750650276,0.0321311603596235,-0.0320990670453204,-0.0088720095245077
8cell.26,-0.0625913823475727,0.000959450932975961,-0.0833142707513572,0.0358949181375477,0.0222818905032615,-0.0179997584975073,-0.00803504150620177,0.0206616124999531,0.00958759790395299,0.0175635740183531,-0.00623267155093739,-0.00964494404495001,0.0400718981329233,0.057084193451343,0.018218051065539,-0.0214681607922844,0.00751876192496904,0.00349732768790332,0.0479084627151164
8cell.27,-0.0618459190911448,-0.00619424668140327,-0.08557888047953,0.0221006372659767,0.0170043018264834,0.00601205098370611,0.0172075877126858,0.0246088890271911,0.00767777361378082,0.0238020056343054,0.01311711441555,0.0139420124837815,0.056490205496296,0.068942602748656,0.0284596488747587,-0.0058132227055906,-0.00363908537783917,0.0112497293025378,0.0497637440354732
8cell.28,-0.0633025323514811,0.00872650565976748,-0.0970740142861679,0.031634243306178,0.0237863790882237,-0.0781863801445281,-0.0195147598016556,-0.00689013092791053,-0.0485866486507408,0.191445598506361,0.0161050686039122,0.0531984973988905,-0.121489941350584,-0.0682013356085563,-0.0611545493767673,0.0030336042412957,0.0108000127493428,0.00513883461294212,-0.0597865462920834
8cell.29,-0.061773307630511,0.00377420113882145,-0.0977333891291022,0.0415992698149445,0.0318197419712104,-0.034650418182744,-0.0165477597847334,0.0424081308020356,-0.0858551529383029,0.192706017024618,0.0318606572766855,0.0994788924052361,-0.12033932557713,-0.103423056370921,-0.065640280626135,0.00350873863888886,-0.0101032531211764,-0.00346759023188901,-0.0402093640855219
8cell.30,-0.0634925046970477,0.0107812298676286,-0.0855324097162112,0.0384878007879476,0.0176513630200699,-0.0987160598609141,-0.0318181090627968,0.00989434136101826,-0.0840955226477294,0.192816953124567,0.0282555042815167,0.0835350671437627,-0.133723162372864,-0.0850958141908731,-0.0516414587285384,-0.00176611616559757,-0.00183677744703629,-0.00577352726964044,-0.0640463994497782
8cell.31,-0.0624636962471278,0.00462247564835969,-0.10294762731592,0.0349200969164569,0.031726855296777,-0.0510106507140522,-0.0128927453364581,0.00808984376790777,-0.0556677380658786,0.203593216989128,0.0238875672976638,0.0797198573590676,-0.10869555420535,-0.0809610113894224,-0.0587299209018807,-0.0108073186139062,-0.0049817099553569,0.00662259696135887,-0.0367298145637698
8cell.32,-0.0625845340640481,0.000989269704855668,-0.0830059579939574,0.00787935592146314,0.0217604376352431,-0.0735824824282913,0.010086893189151,-0.00871287521060677,-0.0998647460026272,0.224243107938866,0.0642578024174606,0.0809631170689007,-0.121487101350147,-0.0949445212571077,-0.0328108175747944,-0.00836156377667105,-0.0252390185410323,0.0069949419826908,-0.00462548804356983
8cell.33,-0.0622726587136355,0.00257005858444172,-0.0918811331036549,0.0199835257499492,0.0309174622229386,-0.0511754963722605,0.00015272624588759,0.006406241936593,-0.0744467548950791,0.221856821133516,0.0356625498798639,0.0638569049281168,-0.115879313812558,-0.089719144373453,-0.0443382150457533,-0.00628185096862701,-0.0150738865729054,0.0197332219235564,-0.0200097408827048
8cell.34,-0.0636550405296151,0.00857862319657058,-0.081441057311482,0.0289309555552296,0.0210310730977013,-0.112374697406039,-0.0309347380999045,0.00341907775627024,-0.0864578523547733,0.201000699049076,0.0377749697384712,0.0709771225683598,-0.128364356759808,-0.0784176834120482,-0.0416591403286632,-0.00013078189767755,-0.00288198018000778,-0.00328041554917055,-0.0482622039369832
8cell.35,-0.0622850741560917,0.00432556973273438,-0.0985101577609317,0.0356367776934928,0.0162007434992766,-0.0482833800809423,-0.0105432172360581,0.0207216555431191,-0.057236553604386,0.205260251482134,0.0307122437138306,0.0762159339995638,-0.114587854066271,-0.0810973846356488,-0.0640183167270965,0.00284633948095758,-0.00367211039446863,-0.0123947579348381,-0.0526606896288512
8cell.36,-0.0629058367862889,0.00688866455335368,-0.0788245632817426,0.02853644729087,0.0225944054280236,-0.0855247211133907,-0.0147354094259639,0.0146422265428838,-0.0939313945682884,0.171414324169764,0.0313333693463397,0.0733817558716114,-0.115057531517488,-0.0845375587436179,-0.0615607184106311,-0.0130008962049753,-0.00977273651638119,-0.00494492468625678,-0.0308679328532589
early2cell,-0.0581175958524506,-0.162232616536461,0.0993836832089735,0.121449783340402,0.0196458526678811,-0.0264338550212834,0.00921384268025071,0.00400875818494266,-0.00116568016836924,0.011717279244031,-0.0128944813747998,-0.00812355123452493,0.0207412416933513,-0.00729841356715116,-0.0110986630645702,-0.00386293600182773,-0.00461175253593119,0.0107134788783101,0.00828231839566508
early2cell.1,-0.0576323087237983,-0.157178219863251,0.1121209746936,0.163513939434408,0.0274028197402296,-0.0232214904620953,0.0421369368828825,-0.00731055323777011,-0.000634808603311138,-0.000738544731321423,-0.00901833917760318,-0.0079353696035901,0.0211624004613496,-0.00708376304519766,-0.00370114018566221,0.000515088502752798,-0.00677107264028178,0.00681469511185162,0.00423658326900937
early2cell.2,-0.0580305398624493,-0.156091217233147,0.110712349154417,0.170733669559999,0.0333491559996847,-0.0449947966018511,0.0574958507624119,-0.0236715829288748,-0.00569483458792389,0.00185180226888228,-0.00918149512396517,-0.0144261142370512,0.0164831698599276,-0.0185180706524615,-0.0247770459056628,0.00144655348327148,0.00710339697529938,0.00752120037875198,-0.000649512889943017
early2cell.3,-0.0575414626461252,-0.151111421942816,0.10720440648701,0.156609969284644,0.0298404858832424,-0.0252233563453444,0.05639017742582,-0.0118289468529741,-0.00195398842623391,-0.000986461682255266,-0.000469629052815073,0.00130393471369792,-0.00213286232579711,-0.00150479065627389,-0.012129270914212,-0.0053004468116296,-0.0103280613530069,-0.00399593099681464,-0.000535779425741134
early2cell.4,-0.0577617993198199,-0.153407972555147,0.112319965730075,0.180348114718672,0.030054375923125,-0.0372161083557257,0.0668434200682323,-0.0266542030725892,0.00100195912209523,0.00112409937099565,-0.00959280928943092,-0.0100285865094335,0.0237051703088585,-0.0220966967059812,-0.00880459619501611,0.00287314982468225,0.00370556978424546,0.00989741947574282,-0.000451184278270258
early2cell.5,-0.0580162091885579,-0.157078009336384,0.115869241480588,0.194659633188312,0.0351069553904173,-0.05014781083843,0.0769478396435253,-0.0254754607693228,-0.00628820239711168,-0.00401573175340688,-0.00701185168131055,-0.0185107263440154,0.0217560924061866,-0.0290643745233707,-0.0279713395479788,0.00458732559977124,0.00951177214587204,0.00801111211268102,-0.00256929582145769
early2cell.6,-0.0580049150340342,-0.156960555059056,0.116464893633393,0.194683063899795,0.0349171686205976,-0.0507670347375063,0.0764788097613062,-0.0255876262326512,-0.00578923016740676,-0.00338577586395641,-0.00726326668237912,-0.0210887472824812,0.0212674837316014,-0.029709906378897,-0.0299879988278611,0.00553078828473036,0.0102147038515068,0.00823403789601477,-0.00367541493389782
early2cell.7,-0.0577143431975227,-0.15421619563264,0.113135597700891,0.18163371480039,0.0319710641853401,-0.0391158634750391,0.0710583683622196,-0.0234827654615643,-0.00399178517000738,-0.00290113233414843,-0.00668240589948706,-0.0143344929848996,0.0206414773381663,-0.026073702214412,-0.0117422267946347,0.000527884489477794,0.00342271783796655,0.0094664770614447,-0.000660135067653896
earlyblast,-0.0626816184440964,0.0417832592165554,0.031439736417046,-0.0165491236459154,0.0698997206932145,-0.0536314763037658,-0.0557459838248948,-0.0343204156018315,-0.0838277465352486,-0.0676870913157888,0.0283505790946382,0.00707926226330647,0.00842226144268729,0.0132884010607174,0.00999617259412627,0.0125086385598509,0.0403607783244068,-0.0255850630754792,0.00145125478193379
earlyblast.1,-0.0581955527563986,0.0303207541380412,0.0393555672917382,0.000819212233069268,-0.00551168455482196,0.133745398045684,0.0186556105510437,0.00258223523102634,-0.103476343887119,0.0367086673310612,0.138774445641939,-0.0969723295960892,-0.0243195078440558,-0.0485482483502131,0.0473478338037642,0.0506401532194511,0.00353821911465913,-0.0573562402917529,0.174599748777161
earlyblast.2,-0.05983465939397,0.034571537989209,0.0392576987576922,-0.0173273376938597,0.0653091561598905,0.0718946291081291,-0.0375055156766758,-0.081357079659602,-0.0733848645839351,-0.0476560855874915,0.132053512208852,-0.123632029459881,-0.00346057747404991,0.0230578950990394,-0.0259329060855165,0.011123217701078,-0.0033928280969189,0.0589918770044101,0.0374772751836323
earlyblast.3,-0.058393639725108,0.0367367621875083,0.0392569293268755,0.000931784242358467,0.0318412989313044,0.125290553014917,-2.79772380463311e-05,-0.0338183470950868,-0.085889292104688,-0.029640358475983,0.0864883826633946,0.00788138503049542,0.00851156174157349,-0.0683034498422444,0.0117480629733458,0.0777835134868194,-0.0376998114460679,0.0145721210754576,0.102431499188882
earlyblast.4,-0.0620636196825303,0.0405551688824752,0.0273506964440711,0.017818465267197,-0.103204874992341,-0.0263396610898904,-0.0187606092422689,0.0399060321361458,-0.0718145707325813,-0.0495215713467497,0.0447555961624199,0.00917002994816657,-0.0138317208893554,-0.00228512727324865,-0.0172825752913052,0.00859806668082912,0.00106932139302365,0.0212645144185454,0.0286562195433052
earlyblast.5,-0.0637350975852869,0.0439935517054218,0.025180810793296,0.0088078150517728,-0.0967233911278764,-0.0968628576618726,-0.0266871046677395,0.0311767876993682,-0.04723126985995,-0.0401137073371899,0.0572533843250489,0.0126251667543967,-0.0302090196887951,0.0153866721415829,-0.0212539800544772,-0.00433629833716745,-0.00234027828795817,-0.0203779482275042,0.0307451502619588
earlyblast.6,-0.0611248091199211,0.0368076580388411,0.0201020764866498,0.026302321739707,-0.109847495657626,0.0179644636659673,-0.0300923508737401,0.0213691828869195,-0.0641844490797357,-0.0446660124983448,0.0422882952123693,-0.0210918710463553,-0.00495259066854346,-0.00497107616679337,-0.00791220670956472,0.0230189554702017,-0.0381627687367048,0.0747911720708422,0.0529571564580712
earlyblast.7,-0.0635177897577467,0.0468250333458923,0.0341113819917267,-0.014985214760654,0.0473700889582144,-0.0784341267279462,-0.0551102608851328,-0.0106250564372052,-0.0753988330279294,-0.0557878368829104,0.00375618315585028,0.00803416497337384,0.0283239043266148,-0.00481519555541649,0.0422189014645489,0.0120883112488948,0.0112223889040456,0.0139663843223158,0.0106852160736174
earlyblast.8,-0.0614764687106229,0.0388630947454531,0.0230843868018444,0.0219226039134303,-0.098632418297236,0.00802031623092581,-0.015971894889604,0.0502014141512292,-0.0649739368825657,-0.0415422695144396,0.00216557952543487,-0.00248280390017335,-0.0278345613218349,-0.00381367054697232,0.0174984343013215,0.028725601811129,-0.00747217945302767,0.0057616661810886,0.00607003340213213
earlyblast.9,-0.0638313144687672,0.0501636954127165,0.0352542805879991,-0.0118393910146259,0.024056104638687,-0.0974344515651886,-0.0503254085137594,-0.00581295623777058,-0.0778047545605976,-0.0432374647034077,0.00130847670541351,0.0333147052446856,0.0029301896069737,-0.00521085495625292,0.0306718640036266,0.00395041529289061,0.00943969359719725,0.0153532503205142,0.0035303798868102
earlyblast.10,-0.0623396269692769,0.0453599977715208,0.0376410986504527,-0.00492073431373926,0.0122357693763015,-0.0216846893329523,-0.0412297583010936,-0.014360979066878,-0.0880655980735561,-0.0273117431871454,-0.0331859167634667,0.0303603271656604,0.0129293141332034,0.022352920112428,0.0431091961973936,0.0195184570759578,0.015336667694577,0.0292656019049556,0.0109889021468191
earlyblast.11,-0.0622661354840989,0.0512939121948092,0.0395877352649979,-0.00611774420025299,0.00552667232890092,-0.0228026934311007,-0.0367412120053087,0.00240360783877381,-0.0756667093584049,-0.0467052162165312,0.0154680494380593,0.00796736829793091,0.00182586860506514,-0.00554024453763826,0.0432274597482804,0.00824064523469481,0.00453752924322073,0.0254892759390021,0.00391269805659147
earlyblast.12,-0.0610136973791399,0.0410173054020467,0.0356348065646423,0.00260448056500561,-0.0318935465785535,0.0347318340526609,-0.0119530765107768,0.00188387102653982,-0.083317985217144,-0.0319975778239485,0.0688404901593049,-0.0115839875174068,0.0187034530369092,0.02496565832421,-0.00219130625989769,-0.033307409697404,0.0230435231848866,0.0207719428239197,0.0652712242770419
earlyblast.13,-0.0634488978209447,0.0442184129743712,0.0243979950589793,-0.0134475344577008,0.0561834233196047,-0.0683934506547085,-0.0700802038257695,-0.0167949566182983,-0.0919045579926796,-0.069211057735583,0.00766436515354417,0.00823981758522392,0.0156483123257681,-0.000486451195640739,0.023475990959273,0.0129743549074125,0.00161871134587631,-0.0132187286990207,0.0109074623421777
earlyblast.14,-0.0588819680569749,0.0337666271109588,0.0427038710084251,-0.0077562224660936,0.0546315140771341,0.118418424187142,-0.00531098561907757,-0.0340056304580189,-0.0974831759214725,0.0405949377804378,0.0255152593111648,-0.0714636531030695,0.0575438745462802,0.0341261210904709,0.0446786899804437,-8.88705502093187e-05,0.000179928730886914,0.0641413681428268,0.0174556387056478
earlyblast.15,-0.063698294110526,0.0498582384399748,0.0334656356353214,-0.00034425110917876,-0.0348162321805138,-0.0858862752929734,-0.0547953382494368,0.00969259453230589,-0.101587642699421,-0.0470914706022178,0.0202069686237031,0.00847105175365742,-0.00417372199844674,-0.0235898758950291,0.0464027453786665,0.000795974862823652,0.0153010012233511,0.0257287948493019,0.00110797454667176
earlyblast.16,-0.0584625939288444,0.0318898780279815,0.0344991975099078,0.0156429161838206,-0.0579330584942504,0.151927492464391,0.036863432338034,0.039118699200735,-0.299845853639238,0.0935408569347412,-0.500364934525836,-0.154927736527474,-0.0575271609907834,0.0241279432484716,0.000659714523109584,-0.106567409712628,-0.030378708521243,-0.120492278916061,0.0504422505931997
earlyblast.17,-0.0577902888508267,0.0314655474595701,0.039593635086317,-0.000150781304148434,0.0354576371490624,0.181388070699136,0.0129581792555869,0.0219841670537701,-0.331669188099746,0.11010817374974,-0.497441844461338,-0.210582664400532,-0.0567598135440918,0.0353621942873009,0.00116055351554018,-0.113542442909148,-0.00736520776832705,-0.101099150484299,0.0444961186683781
earlyblast.18,-0.0629383567343806,0.0469419419357514,0.0362300753927343,-0.0127847494442486,0.0491543065262332,-0.0513481093035193,-0.0548141867363681,-0.00238713090001076,-0.125921465642261,-0.0470927462768192,-0.00469793357900819,0.0123108538139944,0.0156000010615741,-0.0490397216999958,0.0663465531386258,0.0236900237963955,0.00246526697640023,0.036192114397511,-0.011707059999069
earlyblast.19,-0.0593441567003318,0.0354535138061131,0.0360763538895624,-0.00977829155505527,0.0701399199647688,0.0825257254862276,-0.0182943961955504,-0.00911557872134316,-0.114362655838214,-0.0525749840416202,0.00367094031992322,0.0575977824263316,0.0277960168064595,-0.0415987958109599,0.0358918550520857,0.0833426499259105,0.0262030624286816,0.00664582423842821,-0.0338643367640574
earlyblast.20,-0.0609251999392662,0.0389362056864412,0.0329056059064253,0.012022691248549,-0.0856156002153026,0.0246608334349024,-0.00472379486447201,0.0546749186604644,-0.108229946469717,-0.0368837704670945,0.0609403206607416,-0.0114192439449231,0.0288836013190197,-0.0256884405122622,0.0247598559823659,0.00142080088670745,-0.0469723088702173,0.0303234088402781,0.0264574807117777
earlyblast.21,-0.061606478590587,0.0424088603396116,0.0301872338873151,0.00785856015101587,-0.07407522067774,0.0043525258964695,0.00453855883074063,0.0431280055715172,-0.113563315440042,-0.0419059275810377,0.0442071614122271,-0.0154066642097685,0.00723434155890193,-0.0434556971672179,0.0353116824870897,0.0334547140061498,-0.0234189033549633,0.0568115727992156,0.0211551782191857
earlyblast.22,-0.0597292029120671,0.0354017062769117,0.0348453367856716,0.0101129700574634,-0.0736398174631185,0.0737853659476707,-0.00183967514499039,0.0541512709221449,-0.143652541231856,-0.0328669232543746,0.121548914219021,-0.0336039453277912,0.00373273283053265,-0.0365239272519628,-0.0719476877299327,0.069194151076327,-0.0618445024750787,0.0246396052936092,0.0264184307926495
earlyblast.23,-0.0628348348077914,0.0480313850581655,0.0374449987398166,-0.00180962739647644,-0.0455322783570826,-0.0549245394125531,-0.0315093338427107,0.00662367104914276,-0.0763636128902042,-0.0345838875688257,-0.00810212576066207,-0.00430378102521338,-0.013499486165086,-0.0446630601302354,0.0402292278977708,-0.00530236772025186,-0.00133571425520521,0.0134289665862835,0.0217392155533094
earlyblast.24,-0.0612216478295223,0.0343613958681821,0.0239036230064695,0.0167809102595552,-0.123607440752439,0.00346326188256256,0.00044550864771984,0.0533041225576831,-0.0686394519418969,-0.0126260256216552,0.0439624085942423,0.00723184082633647,0.00219929133546019,-0.0409734926941374,0.0206704330643725,0.036718194283465,-0.0458511011851922,0.0139187310381077,0.0129345925467548
earlyblast.25,-0.0623884381098222,0.0414373857339111,0.0237028593437646,0.0140254670856223,-0.0962800072332827,-0.0406177302289698,-0.0360651042084717,0.0156367755127273,-0.0865898826473619,-0.0504896745039545,0.00708587724199441,0.0152021140906146,-0.0289956936014371,-0.0337702274249208,-0.0027464103956819,-0.0124564201947932,-0.00602335045907739,0.0289818413049265,-0.00948137776763133
earlyblast.26,-0.0627544755148672,0.0443002940671347,0.0234975158198537,0.016473586059746,-0.102526459165492,-0.0532532037625938,-0.0351213737308891,0.0170582242849649,-0.0866239192648419,-0.0636403932298411,0.0191772553870438,0.0323498903550726,-0.0250544174594488,-0.0171850911302669,-0.00950462373050681,0.0217624808179176,-0.00472244758356084,0.0136843534664127,0.000341701320068174
earlyblast.27,-0.0592107032999882,0.0352708507779354,0.049196657181257,-0.0243096473130433,0.0944353187581807,0.0772968027061988,-0.0151648074226549,-0.0267364157927229,-0.108489791474488,-0.0181934771754512,0.0842809278318715,-0.0231791102539923,-0.000675894477638253,0.00215119974487092,0.0123152046083479,0.042687542904395,0.00856523318404051,-0.00448179778193624,-0.00371784615473699
earlyblast.28,-0.0600322357820751,0.0333690041905318,0.0277582231134338,0.0219197242223324,-0.105374636039451,0.0659505961918103,0.00480904328606196,0.0744157916906705,-0.109414150006655,-0.0473395453046134,0.0335329202928318,-0.00683169753004387,0.00250922656042562,-0.0283946407292318,0.0436665616638374,0.0545797118149576,-0.0424262137129941,0.0343962558994275,0.0697275871976439
earlyblast.29,-0.0604518424558455,0.035610898144623,0.0245783286199031,0.0201097115582078,-0.0803892195886133,0.0537939324217643,-0.00236707740448452,0.0459038966223537,-0.0955556764483601,-0.0548356862809412,0.0174650460040672,-0.0127021695747055,-0.00971040456132017,-0.0218534394666824,-0.0226249968450487,0.0409622066818217,-0.0689419642882842,0.0672328602544943,0.0622914925452457
earlyblast.30,-0.057917926377747,0.0277596431569857,0.0442286222283069,-0.00658439500594724,0.0439990819858924,0.139840059250674,0.00619266878855065,-0.0280208280317394,-0.130414199793991,0.019456677769635,0.167680855123254,0.0878019247824297,0.195253858112408,0.00240981002908681,-0.0190016835394527,-0.0727280589872355,0.0625354410587475,0.0404548142323441,-0.250139806085407
earlyblast.31,-0.0609466416137347,0.0348669327615522,0.0228197701753444,0.0210574528987573,-0.104917819505874,0.0261226388566552,-0.0145879315084426,0.0154909004671586,-0.0716582537958262,-0.0407750054660057,0.0734830144755531,0.0150697597955682,0.0193972342408634,-0.0659753281249172,0.00709331693957237,-0.0432408160403744,-0.0251430038917446,0.0110500594601537,0.0394635066803592
earlyblast.32,-0.0611769459395464,0.0363714659824139,0.041947826022827,-0.0220969082771129,0.064041964532199,0.0121176759424859,-0.0356379507013966,-0.0346227464815203,-0.0873746876973515,-0.0372073409799046,0.072701712101815,-0.0403183224109542,0.0752782366827174,-0.0399557619701177,0.0699244188369537,-0.0188354632092934,-0.0181110388940209,0.0153363823556034,0.0217069986178736
earlyblast.33,-0.0615041003505825,0.0371309211257458,0.0245872401486697,0.0132835686666564,-0.129289860538463,-0.0109485673502367,0.00472959845812348,0.00925135707163606,-0.05913885109596,-0.00819516616277045,0.0800700376810103,-0.0101468342541489,0.00431717913355807,-0.00295480720665807,0.00667297878328787,-0.0394673018933386,-0.00893182554243313,-0.0173564531744873,0.0246307745675385
earlyblast.34,-0.0608612812270292,0.0342022246220894,0.0337406879285714,0.0121851626895864,-0.0858397577026635,0.022798316710744,-0.00986903410226113,0.00848426855459524,-0.0783045121594272,-0.0509547647249615,0.0450464619276601,0.00795290208507242,0.0248373960781028,-0.0659442031514535,0.0623058883156604,-0.0251423893339855,-0.0273466284789834,-0.00905019244276143,0.00294464976702783
earlyblast.35,-0.0611175473515077,0.0366293819262034,0.0226503196133827,0.0207742141662181,-0.115553749145839,0.0164143889844885,-0.00920534159283302,0.0216798351320343,-0.0734056861766756,-0.0297640894501741,0.0548590783297294,0.00520838070770143,0.0031944996261224,-0.0153280270346564,-0.0266441912862952,-0.0205304995083884,-0.00634730275215469,-0.0261963646957174,0.00720084190090853
earlyblast.36,-0.0619763588821291,0.0379797547288677,0.0309409812565158,-0.0145970795780317,0.056836348051896,-0.0190054431876039,-0.0553575582774135,-0.0714228669008361,-0.089123397779028,-0.0586753537908676,0.0633119412466251,-0.0153128884856106,0.0180761005612978,-0.0286613450874538,0.0465091690894942,-0.0261008370371545,0.0482200956466815,0.00884044887163313,-0.00776712991855323
earlyblast.37,-0.0577118701150652,0.022105911668062,0.0409391467291352,-0.0017095046827991,0.0175717545817924,0.143741335073402,0.0110328439810827,-0.0637049834407285,-0.113413733771271,0.018873534927302,0.170285073962665,0.126324691927403,0.22130509708266,0.00997241977921475,-0.0519593110898194,-0.199911977686196,-0.0128535818024756,0.0126718825275464,-0.323859494277207
earlyblast.38,-0.0611610709840515,0.0322674918352652,0.0418916075118968,-0.00893758724421278,0.0182547145333439,0.00794962705982201,-0.0485263212804082,-0.0792823975707675,-0.0919019943744039,-0.047874675001747,0.0957843143286667,-0.0380480870036247,0.0459840820399068,0.0250263301271876,0.0545570091691669,-0.0969833193281184,0.0108557875305612,-0.0115165909570386,0.00655755221130087
earlyblast.39,-0.0567963273806963,0.0221574049077911,0.0402651867822438,-0.00747679032030557,0.0593352232464954,0.160727829162791,0.0201882291877258,-0.0476432340438566,-0.127064975889027,0.0430102535452824,0.113987372137168,0.190032645433053,0.129439109249171,-0.0800305281099487,0.0209325109697114,-0.233441438174672,-0.188731780916113,-0.117787632797521,-0.227629129664677
earlyblast.40,-0.0633508603837949,0.0474514428441215,0.030721751059758,0.00290735957739795,-0.0713524115007962,-0.0689115421043992,-0.0476006393397994,-0.0180357412727343,-0.0997000629151747,-0.031930485841714,0.0499198089402652,0.00875897930727489,0.0190662160907929,-0.048693190434199,0.0796526844048331,-0.045000445401788,-0.00285060186085737,0.021563585469238,0.00555294235541455
earlyblast.41,-0.0637684917183445,0.0468101733398302,0.0340502887218831,-0.00863290740598432,-0.0205799007332752,-0.097218365198941,-0.0567368138234794,-0.0180492044937796,-0.0943744632421456,-0.0411786114015955,0.0507305969257197,0.00605628382256847,0.0226015842468269,-0.0433097877871761,0.0683215882424985,-0.0415868464621737,0.00773239085506305,0.0205029954071409,0.0143743823493936
earlyblast.42,-0.0614628872887723,0.0398258289603791,0.0423533616887271,-0.0162170590943365,0.0666711064345935,0.00637713378127211,-0.0481245816423703,-0.0796729954556405,-0.0650317142761202,-0.043457326061613,0.013413660581937,-0.0205101814900765,0.0536847087476653,-0.0361841881402064,0.0649795322686443,-0.0699160923689603,0.0332744020521221,0.0118953805005517,-0.00493964702083025
late2cell,-0.060525397520444,-0.118136148971376,-0.00759811659179638,-0.149370412431081,-0.032885158863113,-0.0147033871743754,-0.0360072510477334,0.00119342453708871,0.00112408492075874,-0.0133836025151601,-0.00735324889898746,-0.00499496803628013,-0.0127850676383965,-0.0286112988232244,-0.0120478767950658,0.0126430375599707,0.00736199009489471,-0.00486022839389713,-0.0274430711692465
late2cell.1,-0.0605789796748804,-0.109477890966958,-0.0310065210080379,-0.146381827440493,-0.0332944897309218,-0.00417473115487886,-0.00192826643084346,-0.0112721714109471,-0.00978303919242569,-0.00561220704983097,-0.0120520866729946,0.011486089896467,-0.00928023091813043,-0.0114486971464643,-0.00281762552651978,0.0181987885262058,0.00914548819001992,0.0120088301068507,-0.033656360332354
late2cell.2,-0.06029535526081,-0.126110206992172,-0.00582618180301762,-0.138578315439235,-0.0301717373069942,-0.0131046976954087,-0.0281630261018083,-0.00627672767733375,-0.00161217578088221,-0.0203941439967855,0.00136865344342609,-0.0205385315740577,-0.0207670363398586,-0.0272968514842657,-0.0223862055349513,0.0103730741288961,0.0107347319764304,-0.00659573578163444,-0.0151550789962493
late2cell.3,-0.0596234968440421,-0.133120205087204,0.00571473321718098,-0.138565620832185,-0.0302070926013704,0.0197620464195055,-0.0954300265112285,0.0212140640466941,0.0109538256429872,0.0165466606673147,-0.00936837312161908,-0.00134329047924396,-0.0128815369327647,-0.00985171073285908,-0.0196154425307354,0.00716340910525063,0.0153097902062711,-0.00697376619543078,-0.00817634638141555
late2cell.4,-0.059058753510117,-0.129052230369965,0.00137404388087102,-0.153071111704722,-0.0334178818010095,0.0318330037229731,-0.0767556232585714,0.0134871595482775,0.0134172208175422,0.00917067306954812,-0.0140741334388999,-0.00256562582288372,-0.0141017726709582,-0.0142463060287595,-0.00919583834110591,0.0106741715764321,-0.00738916748389655,-0.0107208994952886,-0.0194563760744345
late2cell.5,-0.0604118073858331,-0.112045949171654,-0.0225127096847341,-0.155089963057523,-0.0370208906038194,-0.0098303551937366,0.00461278171310847,-0.0219423297685369,-0.0155866268879524,-0.00841645214705921,-0.00187281501098776,-0.0211668743941053,-0.0385891149389054,-0.0415965490046053,-0.0171531710905808,0.0122028621349637,0.0188220649773901,-0.00628620731316961,-0.0395811598339852
late2cell.6,-0.0599381980564001,-0.128789661781612,-0.000755938172807053,-0.135096072671928,-0.0316941568905467,0.00222097956496158,-0.0391863910222283,-0.0171350816184654,0.00618437856513457,-0.0142087050602198,-0.0183440427431596,-0.0168110981832062,-0.0247726072102541,-0.0240968133488616,-0.00954721558387079,0.0133926516289101,0.0173110544866499,-0.0132573480575096,-0.0212307919908072
late2cell.7,-0.059063092491046,-0.142779700804488,0.0203776504420608,-0.115207380171992,-0.0261120876742768,0.0372537573716567,-0.119894582593105,0.0289399936343604,0.0227153313275472,0.0112592588602476,-0.0126931497255623,-0.000658573972222093,0.00259875424680644,0.0218094668558231,0.00566667036944225,0.0130705226079625,0.00613125015478996,0.00331450327215221,-0.00387892041786108
late2cell.8,-0.0611682713216594,-0.105952377104021,-0.027047750324826,-0.137825388924776,-0.0299708314062863,-0.0334264231540979,0.0122229288519155,-0.0295748153086079,-0.0158516504730117,-0.010558418819146,-0.00223115669005206,-0.0120349935619312,-0.0365089856533269,-0.0296494886521568,-0.0160991878061017,0.01086918367086,0.0260894455332682,-0.0129770092467271,-0.0348027832059177
late2cell.9,-0.0610836241059719,-0.110217601472854,-0.0102914707227736,-0.13172449639368,-0.0329453643081831,-0.0424325562391278,0.00776502242129368,-0.00984435620200877,-0.0157039758443577,-0.0142093818257261,-0.00288512635605247,-0.00479350688917611,-0.0157214635312966,-0.0463978736339868,-0.0133863230108012,0.0144315479257435,0.017384790609725,-0.010606695200835,-0.0328277875069075
lateblast,-0.0624017134747154,0.0472491496197232,0.0497868440246521,-0.0219865133389433,-0.0104707736778252,-0.0456362992298035,0.0369248243250762,0.114864995259912,0.0538988631383639,-0.00484070140435672,0.00825462399013476,0.00357694932972611,-0.00282798111179233,0.0190668296927987,-0.0413753602099961,0.0194509169932326,-0.0463451744687591,0.00310734998519447,0.0243872012742858
lateblast.1,-0.0634600187675267,0.0498651901073654,0.0507085677514735,-0.0233697306731111,-0.0504667905871422,-0.0916596712762147,0.022637364013777,0.0919824870057103,0.0422098771675161,0.0016717689522195,0.0207148076866829,-0.0552466010595947,-0.0538024926753773,-0.0272653732445052,-0.0228703557620815,-0.0103204153428675,-0.0163058809856655,0.00840673175656641,0.0177398873034603
lateblast.2,-0.0587813805145439,0.0375134033874934,0.0595279648432596,-0.0421624346506417,0.121367233793376,0.073635594751737,0.0506618255656538,0.0781762609790137,0.0167898266280074,0.0174866214837132,0.0566729237870994,0.00765655614343628,0.0120180026908893,0.00848523207800526,-0.125464739333034,0.0713789858482713,-0.130253959813255,-0.053268002313568,-0.0478352334915458
lateblast.3,-0.0590138300480359,0.0395382802555195,0.0636484862830432,-0.0423457662636968,0.12716216274781,0.0690637285435545,0.0566978637141065,0.0992823059292424,0.0222830595023726,0.00812797774644299,-0.0114427494867828,-0.0211455397564535,-0.0318350182972348,-0.0297070655515579,-0.051888254615552,0.0875053391602513,-0.142359524621259,-0.0317831249013767,-0.0438340434980191
lateblast.4,-0.0612180220101127,0.0462258641002188,0.0615803627430388,-0.0497781887370237,0.129618958049096,-0.0232903268074237,0.0303957724589429,0.0650461486401344,0.0463537471733738,-0.00997098046408126,0.00440926032659218,-0.0461601943697537,-0.0380251815926931,-0.0324647352697621,-0.0157705696738856,0.0594085947361971,-0.0920472416847676,-0.0113304543622843,0.00393531733239452
lateblast.5,-0.06322042234682,0.050242913465721,0.05412824529794,-0.0504966098608368,0.104969788936006,-0.102672260646847,0.00892216896341401,0.0577658615598678,0.0349776125150301,-0.0289594485867628,-0.0205648534620697,0.00959285121287184,-0.0296221851509771,-0.00962642105223271,-0.0267328223987481,0.0303785287676153,-0.0634243963902103,-0.0121886161594735,0.00948423585989559
lateblast.6,-0.0639493231150938,0.0500684537082518,0.0579162124769863,-0.045485301992211,0.0562940076850213,-0.131447473026908,0.0144535264425552,0.0845355494241871,0.0357311317523051,-0.0413090654499705,-0.0323870960676217,0.0187766841868111,-0.0205259797106939,0.0137402908430134,-0.0309918273247032,0.00743075010373636,-0.0283569535245373,-0.0122489734081266,0.0142932918988973
lateblast.7,-0.0601402421446487,0.0437186744532202,0.0646444965477588,-0.0477638150399656,0.139762849678375,0.0113314612658719,0.0344271803745124,0.0787282117936029,0.0506209952976348,-0.00779228578752447,-0.0363969541134694,0.0211276593974332,-0.0281804205163532,-0.0307759875626933,-0.0157980408424794,0.0944114470837341,-0.133166815293168,-0.0269890515178271,-0.0326748923386717
lateblast.8,-0.0606930039155654,0.0425084313375635,0.0558106496523918,-0.0459857343609826,0.107535440066678,0.00214209007366487,0.0269810349525001,0.00759006860734136,0.0651636806565503,0.00254694797392118,0.0917217830351816,-0.109066713170264,-0.0490901511139077,-0.021435400776771,-0.0683957951839528,0.0336025295781443,-0.10617026401677,-0.0184273040470497,0.0494991378943288
lateblast.9,-0.059367255437929,0.0389450590266501,0.0598835085073487,-0.0440826549072447,0.106636429412498,0.0575056355342079,0.0418823136626175,0.0589603447940902,0.0225194361210796,0.0170503930531893,0.118816541508958,-0.0755459727152322,-0.0406270587317805,-0.00171590219609032,-0.100214739487285,0.0739520410875539,-0.109650714054407,-0.0450524922488423,0.0839074144428912
lateblast.10,-0.063391566974216,0.0421759710258936,0.0353056065011056,0.000207619185998583,-0.127505379555542,-0.0946586160336026,0.0319021616441121,0.0810657286696303,0.0415075728351669,-0.0004551706603897,0.006475383215613,-0.0174214603567814,-0.0300504820488476,-0.0232587516431857,0.000262809318896372,-0.0112479939396158,-0.00875401267895561,0.00340114949182155,0.0127979584698354
lateblast.11,-0.0627567638407725,0.0544512739420003,0.059100883725064,-0.0518739802442367,0.123281168181228,-0.0765534900116024,0.0120016143840732,0.071730591455813,0.0430390855088249,-0.0342154939691262,-0.0282757881618434,-0.0198285911666844,-0.0373783343618048,-0.0102057538640511,-0.0162606304422717,0.0419098206922362,-0.0855125306879117,-0.000400641695216918,0.0208547276538415
lateblast.12,-0.0632090851384115,0.0401082312807956,0.0325696370646268,0.00341958156365063,-0.128177850934151,-0.0953195274813576,0.0301077319493891,0.0890801897869444,0.0224255827499273,-0.0200234586726933,0.0283272101831879,-0.00256737439076645,-0.0407586431478596,0.00547361394947852,-0.049930724304908,-0.0238379229508667,0.00116920173519592,-0.0172387300346754,0.0211780936191394
lateblast.13,-0.0584046875142298,0.0330068964597179,0.0591831037188378,-0.0399207170900421,0.0957573900588837,0.0844809822271386,0.0729011268990558,0.114691386295265,0.0289732432525906,-0.0155157606026806,0.0178911416151568,0.0915289351364956,0.0117099668396883,0.0984993663221669,-0.181802764467403,0.0869677750603231,-0.0468069519728586,-0.0747368209264404,-0.0364889948157004
lateblast.14,-0.0573438028775884,0.0221450326362488,0.047214310651101,0.00373084293874498,-0.0462370514953906,0.142985986040698,0.123344381074242,0.131465906246745,0.0154299468065457,0.0389914366017164,-0.0573426920384558,0.149882561212165,0.0243396094479275,0.166572216773646,-0.242336878158176,0.0167763380057166,0.0293285747104962,-0.121388677891017,-0.0902990425027424
lateblast.15,-0.0618258676392835,0.0524292226140484,0.0697636585461619,-0.0450848748150654,0.0886912216354833,-0.0300369059642727,0.0287734469117142,0.110933202509487,0.0356062995952476,-0.0157669176947252,-0.0274718341095794,-0.0176109397662614,0.00205012196938279,-0.0312658093166617,0.0272435900853744,0.0290003397390506,-0.0730290052351599,0.0462011296319675,-0.0115810460171171
lateblast.16,-0.06230447274168,0.0526318188168512,0.0601345772197845,-0.0309011472908905,0.0187552944126613,-0.0468578811171838,0.0311244441649898,0.130852206466849,0.0175696412721514,-0.013430501118177,-0.0218094790083374,0.0119420748618139,0.0142641531134109,-0.0124996668329496,0.0159689330551312,0.020137964563275,-0.0525503627359893,0.0200685104299684,0.00868726899676679
lateblast.17,-0.063530147080085,0.0528734535100119,0.0617455306874935,-0.0473369754126984,0.0761686852457752,-0.104741392715165,0.0218918082121758,0.10820121899376,0.0308303608774298,-0.0290533966855972,-0.0412042924281366,0.0169204494226684,0.00216483364718653,-0.00574490211658752,0.0153116072543502,0.0231054232803982,-0.0474833526944611,0.00126265734349407,0.00412327305715386
lateblast.18,-0.0631896677200768,0.0534358189372618,0.0595698568355475,-0.0415557043105085,0.039752046404591,-0.084358413401168,0.0207585033901143,0.0909547067826482,0.0354528083501392,-0.0171475037143376,-0.033668567239712,0.00241048587191287,-0.0131497612075689,0.00140051910412732,0.000256096992034022,0.0102457737054057,-0.0280809806206052,-0.00765833998189811,0.0120035435259691
lateblast.19,-0.0594811447303596,0.0328239772972859,0.0564426821182377,-0.0119275013797449,-0.0304732423165084,0.0628937950288799,0.0652472080604299,0.14440837482299,-0.0182775680400018,-0.00520048311188996,0.046763326433544,0.0211630881931358,0.0151366076002538,0.0809065926023299,-0.11781892526678,0.028857303506817,0.0538314210726814,0.00483800638062537,0.0469978588251803
lateblast.20,-0.0604667879296426,0.0448355012156865,0.0618844495326093,-0.0266060075648756,0.0154279619633536,0.0238159561091075,0.0641376247225112,0.182777727446308,0.0220361245004641,-0.0051224255365521,-0.00463320083090513,0.025001380929367,0.00502507025115688,0.0103427369909925,-0.00100537571432571,0.036903674202787,0.028692374428656,0.00509784616099567,0.0113495431811271
lateblast.21,-0.0619411900605214,0.0511895528503463,0.0640165333950706,-0.0351628129900783,0.00343576367408712,-0.0257503289280243,0.0880997025844373,0.255136599684783,0.0908675819573849,0.0549400240688694,0.00609802202134753,-0.134430830845832,-0.0222787702482497,-0.0579641324229819,0.120873133554054,-0.182826424193505,0.259913579772506,0.0919048038506015,-0.154493128376483
lateblast.22,-0.0616098070564688,0.048765279400866,0.0645881641686842,-0.0307155401367417,9.69537529539925e-05,-0.0122464752439776,0.0964370325418793,0.25666637492273,0.0951742371944402,0.0603939481983234,0.0117364688143702,-0.15036937808206,-0.0231348975806422,-0.0559352092893758,0.12391639621384,-0.199351918467687,0.280797870075109,0.084273822425231,-0.153706402966904
lateblast.23,-0.0581632215427003,0.0329269343914387,0.0477107358724628,-0.00621300693733,-0.0344178470818271,0.132186057801394,0.104597628731126,0.192811041688745,0.127397852081991,0.0956874644582189,0.10498575133705,-0.198281703816723,-0.0240202780806011,-0.0310792705662039,0.0644336530101247,-0.27014072859302,0.294058102619167,0.00146706448447811,-0.0857404303759237
lateblast.24,-0.0605727211747128,0.0467161672679244,0.0655102888503444,-0.0377118281823909,0.0769995686047533,0.0292511516812884,0.0542737247620676,0.164382355531001,0.00910045827365191,0.00489055752528132,-0.0477797225540718,0.0359771333950422,0.0598706505492779,-0.0250677165234333,0.00795296685318691,0.0495564003001368,-0.0678095820418385,0.0527687855265405,-0.0243352943333656
lateblast.25,-0.0619295445366679,0.0503554503738846,0.0656260534008136,-0.0504267618844305,0.119385752611635,-0.0468859633240988,0.0229642994476422,0.0543458037053343,0.0588009772604912,-0.00814566541318706,-0.0555417112026031,0.0120209152816761,-0.0102716018191675,-0.0444684005241574,0.0216434648921355,0.0547402163495282,-0.0620892932582277,0.0209007082690412,-0.0114887777692101
lateblast.26,-0.0602541190546174,0.0393294711518669,0.0552246353539431,-0.0239642385962345,0.00405499206282459,0.0374756462036737,0.0586288956885648,0.138024058725712,0.0346159390099791,0.0113600339728774,0.0550469166737008,0.00661541346527861,0.000603497005160428,0.0148346486429842,-0.0648266951004497,0.051702313859008,-0.0503148528320993,-0.0228490935730148,0.00936303563493699
lateblast.27,-0.0611529195579296,0.0481599766347875,0.0709325047656971,-0.0501017547586314,0.123552942774542,-0.0111468058104553,0.043891957401333,0.115532442111745,0.0382460843012154,0.00519420796776913,-0.0557440043875099,0.012991191552884,0.02460606729976,-0.0323050641465349,0.0291448067618007,0.0504842806012822,-0.0877887193392845,0.0248789198671929,-0.00547399967969581
lateblast.28,-0.0632575898031161,0.0553088741767672,0.0666791339659552,-0.0471015948011562,0.09178558450808,-0.0941091028977381,0.0225283260698832,0.112524802741881,0.034213079615982,-0.0284368350066511,-0.0497567206488891,0.00634474602905721,-0.0041896866819747,-0.0219684332783168,0.0262979710294755,0.0307628051630821,-0.0669437830210916,0.0204508496636493,0.00308150135563198
lateblast.29,-0.0632449823539015,0.053610485991641,0.06599353189753,-0.0456942253561919,0.0524086987282231,-0.0895758348050704,0.0266912027529049,0.117463262623716,0.0224517959400096,-0.0173756018838893,-0.0124233611372099,0.00776998729884243,-0.0101861345513902,-0.0208692631534338,0.0268649085405916,0.0219602261932916,-0.0367220542442016,0.0142179294445905,0.0130330877648336
mid2cell,-0.0591814061194014,-0.156636300737903,0.0442728590920102,-0.0645723562489149,-0.0191976910889943,0.0068051406405339,-0.114626265968747,0.0342364168189922,0.0120985989515833,0.0238704798806325,-0.0112140126463039,0.000701504337288943,0.0233430832640271,0.0121684875624003,-0.0119968104617216,-0.000160369727531604,0.00057081852668803,0.00752000693298191,0.0165662922213754
mid2cell.1,-0.0587689400510128,-0.150072835426266,0.0382011855699586,-0.0936236683491995,-0.0255746467905831,0.0301571059023217,-0.146079906549855,0.0505525902837011,0.0205779065031744,0.03673793844644,-0.00253442771048127,0.017716425438989,0.0199063108907922,0.0155538037017623,0.00640651454792005,0.000702808342709598,0.00438793461563282,0.0139695314045231,0.0242307580121696
mid2cell.2,-0.0584443854705872,-0.147027300377018,0.058430895430391,-0.0259244140908771,-0.0135932368730916,0.0310515814475131,-0.111073234519889,0.0542944029499437,0.0172942207053452,0.0317932223050614,0.000760304273568211,0.00932826051819234,0.0288493695914846,0.0277218950829845,0.0313652321837941,-0.0167611833605426,-0.0282695823590109,0.00968966774798311,0.0265824939949555
mid2cell.3,-0.0576945329595667,-0.14410346938096,0.0670161384007267,-0.00941863673184067,-0.0065792239287084,0.0473362626523654,-0.110394561878069,0.0554184539755147,0.0170741187615773,0.0358522968459175,0.00509584805305709,0.0272427573301635,0.0229932351963702,0.0447028858704092,0.0552104671710267,-0.0297468234342901,-0.0407958066790606,0.00766364115090971,0.037918804749015
mid2cell.4,-0.0592161780982062,-0.143297174335246,0.0284957812319479,-0.105639528615429,-0.0267302626471346,0.0212481688690532,-0.126750345208648,0.0459343997178316,0.00651541874059927,0.0384707037961432,-0.00712546604026817,0.00997076515103129,0.0130788936971443,-0.00675347879285597,0.0075553071671835,0.000412727162489804,-0.00503907765895875,0.000957823709389775,0.0101809698342015
mid2cell.5,-0.0587822897324966,-0.140455103359932,0.0255093565076206,-0.117640778248394,-0.0256325015523218,0.0395682056413692,-0.130442025555322,0.0529973233756908,0.0227375575701927,0.0378266365356824,0.00186739653951795,0.0114024811557464,0.0201759751159055,0.0194460909000718,0.014174465409441,-0.00499676852687842,-0.0069261105668865,-0.00381043094666508,0.0201882695272528
mid2cell.6,-0.058909020673405,-0.153849747457783,0.0383078109487474,-0.0942395271539783,-0.0193681830808024,0.0214361490629861,-0.148069118932298,0.0426444848287423,0.0175150771422004,0.0346758817306667,0.00538066831300766,-0.00200161992448752,0.00644314498372194,0.00297462303676045,-0.0206721643902338,0.00688644223215001,0.00083949308921552,0.00152588781958926,0.0183067229872109
mid2cell.7,-0.0588895371820493,-0.148118958712799,0.0325046823203312,-0.095585664213615,-0.0201606304079173,0.023894735067003,-0.141274545675997,0.032546613254473,0.0210950008378451,0.0334562854261831,0.00822196981036014,-0.00475580386316173,0.00331682404918507,0.00128091405480968,-0.0208084741396633,0.00478553117570526,0.00802979076524655,-0.00475548238312095,0.00966947051480034
mid2cell.8,-0.0587205582939599,-0.154830990844977,0.0495370892067782,-0.0702411037530577,-0.0164484579667711,0.0242195007032775,-0.142959859113156,0.0551453665032306,0.0217136571530306,0.0245853171517605,-0.00288550672487588,0.00730807495511975,0.01785835410786,0.020065116855572,-0.00504400861659472,-0.0036469999436708,-0.00579137201788455,-0.00489709646621274,0.0212066266416065
mid2cell.9,-0.0589566289790867,-0.151465609319675,0.0423905946612008,-0.08101421690999,-0.0198842054478694,0.0252650154544448,-0.138326937805005,0.0461146215182449,0.0192070813424993,0.024498795425423,-0.000404894393316285,0.0126291753590357,0.0101803211572816,0.00484518591581834,0.000246408498322499,-0.00733959587187506,-0.00116917275997575,-0.00124505830753616,0.0159057607657382
mid2cell.10,-0.0585402007919412,-0.153503441093029,0.042776274688441,-0.0850741777417014,-0.0193036303771165,0.0326627348920734,-0.137436860101903,0.0438226176198647,0.019451583878171,0.0295423613679049,-0.00321362392653944,0.0121579171738242,0.0103165263376399,0.0221504375450892,-0.00978554415114195,-0.00118465401978451,-0.00652382596243863,-0.000496907220232408,0.0173794613567376
mid2cell.11,-0.0589853794402006,-0.152275368343249,0.0365006029772646,-0.0919259009947767,-0.0228165461319092,0.0230424684302422,-0.140443066890511,0.0439221845665706,0.0208484413719099,0.0261832812352091,-0.00100497326901012,0.00321301319467272,0.00581213746940679,0.00568489168560333,-0.0185534708581391,0.00114708403918712,-0.00525684599833089,0.00618997467830146,0.0111367917614144
midblast,-0.0586990544664336,0.0271306108701678,0.0347059703184133,0.0129569292260193,-0.122599960633108,0.0864216854572496,0.0573574434710526,-0.0235206761846775,0.0718101438820596,0.068067961712608,0.0775957956392335,0.00230808407906627,-0.00669193679079403,-0.0171123217061868,-0.0804599638493428,0.00244925351035302,-0.0155375290497148,-0.0734314417796332,0.096947282265671
midblast.1,-0.0631083671700674,0.0525651478492732,0.0516878977889694,-0.0357487106381219,0.0954447361197688,-0.0859691667176975,-0.0409432144882615,-0.0859741671305733,0.029649138703909,-0.0124046781774937,-0.041348789068006,0.0179887433846194,-0.00468235499827624,0.0132729430598371,0.0394533858148174,-0.00907926202089349,0.0320859792717754,-0.0240652407680466,0.00771248960706598
midblast.2,-0.0624418142318055,0.0438723766111393,0.0428185996407477,-0.011816653887527,0.0264063138564513,-0.0469627592213757,-0.034616972555677,-0.0857749930024642,0.0156482499940912,-0.0208842634535667,-0.00118565221716626,0.0449847574461067,-0.00261297693684082,0.00760283029100524,0.0125159734035818,0.000156730697024132,0.0466373998254144,-0.021194851214755,-0.00634708917394339
midblast.3,-0.0622069826226507,0.0419367486284939,0.0330906172867337,0.00870210117096768,-0.127693909465402,-0.0274851992779793,0.0149364449439489,-0.0157763349117624,0.0618664812035346,0.0237447118816576,-0.0276094964103435,0.0264092260233718,-0.00916241254598667,-0.0154001719142652,0.00105960968523466,-0.00125320910321994,-0.00638350254626897,-0.0194464957578956,0.00516998249187426
midblast.4,-0.0616090110512607,0.0410623682108129,0.0333903952180489,0.00835717242374259,-0.119651928384985,-0.00670608049289969,0.00896560251888779,-0.0325290553106109,0.0552334383634693,0.0275302547217776,-0.0268381040750649,0.00996151096031181,0.0127941616788936,0.0095605289970243,-0.0171215928101211,-0.00700266993485603,0.0184753122996954,-0.0063066217068678,-0.0125424660471723
midblast.5,-0.06243582260483,0.0493080643511083,0.0473684277177316,-0.0299970951341542,0.0763874667931524,-0.0490203712793214,-0.0334728575101807,-0.0899480415095536,0.00912515108286644,-0.0109703225510107,-0.0458067032783415,0.0115498239332382,0.0110391057028388,-0.00572519259115628,0.0520077965140825,0.00314201213007476,0.0340751326137313,-0.00491719261895671,-0.00359125701038831
midblast.6,-0.0628736962163924,0.0471080320970199,0.0484918581802586,-0.0384588435853855,0.0948476409123957,-0.0730139635731188,-0.0393283458050078,-0.0882172587366754,-0.00500967029394646,-0.0336096350145597,-0.0350116506184356,0.0366441788892331,0.0131032131619644,0.0023672973464855,0.0257624720985651,-0.0222785449721857,0.0337052922969187,-0.0105824632701912,-0.00482482901134991
midblast.7,-0.0626893942453047,0.048712532320734,0.0436299188624322,-0.00978421983249466,-0.00496517695099066,-0.0439894376811606,-0.0319028681060017,-0.0839490885988873,0.0151541386708135,-0.0102466759732658,-0.0595444340774646,0.0229499650272999,0.00754080841181857,0.01948258356242,0.00980630304625705,-0.0459637017010249,0.00413486431160992,0.0756962855015893,-0.0145757553754901
midblast.8,-0.0617469828671799,0.0431102518244775,0.0380849953097788,-0.00251703371580305,-0.0853827842747516,0.00723992102361133,-0.00742510831122944,-0.109542557486089,0.100742436381257,0.0691202373428139,-0.0837459553878622,-0.072096121807692,-0.0328160362625765,0.0720969154982856,-0.0973803189391682,-0.174668520773425,-0.237520965049102,0.471921664904269,-0.0428105909571495
midblast.9,-0.0606422548704179,0.0435860054386925,0.0489186242126482,-0.0198386631381882,0.00253593069864945,0.0430639812166647,-0.0202004616724908,-0.159799686132991,0.0971568894473955,0.0853710462238069,-0.0577433145973593,-0.100663261663199,-0.0480379913416382,0.0669463604893622,-0.10735588607211,-0.196314998239088,-0.246905436945735,0.525955587569729,-0.0354249791395717
midblast.10,-0.0605065248296073,0.0347011053844956,0.0293453933403348,0.0192404785803231,-0.135782989788227,0.0323869255476976,0.0112172058186641,-0.0232903884811142,0.0327512594372428,0.00640882913118352,-0.00964895981566482,0.0167889998838567,0.00442461076370999,-0.0115918310151453,-0.00866266684327607,0.0253049497802236,-0.0698912344699158,0.0170652478867764,-0.00561182336771933
midblast.11,-0.0612715670088544,0.0461331343734192,0.0460765359882898,0.000454838889964535,-0.0757620575709026,0.0147132172824043,-0.00290989903265022,-0.0788343460946898,0.0870450107508872,0.0999657115160667,-0.048411507326004,0.0104885066059253,0.109479156243965,-0.0847706790108728,0.127392773572657,0.0728425865206009,-0.0516847340375816,-0.0627530257938558,-0.0364555625969279
midblast.12,-0.0607666112560802,0.0395816969980432,0.0401764862750307,0.0115824113135246,-0.0872037458917116,0.0386956591847127,0.0198415296078525,-0.0618756080641893,0.0293104879834753,0.094114887447116,-0.0530555958300535,-0.00510182222915657,-0.0140293150025074,0.0319639840348086,0.00740465872851508,0.237992525531117,0.162819132689681,0.110402137289324,-0.0322490770892259
midblast.13,-0.056426653658743,0.0325934933935681,0.0437825800316082,-0.00942897129809177,0.071671015161876,0.217732472768021,0.0353131618167744,-0.0708822442852659,-0.0722939053900003,0.140851587583996,0.0148164219986495,-0.00806688466862414,-0.0543635515895855,0.0904364069657577,0.0387213031332198,0.561935272959766,0.355954751358387,0.33241319127961,-0.132846189311942
midblast.14,-0.0614772628115522,0.0405771457754652,0.0376003998523561,0.017156463816991,-0.133186640664703,-0.0173189932403331,0.0251408177515177,-0.0188565865199285,0.0242038946686179,0.015835608562941,-0.024334276115072,0.0393579665177846,-0.0164904951866466,-0.0202373677393198,0.0305326665513131,0.0331556925062612,0.00406234458945948,-0.0227148539794243,-0.00285287721895037
midblast.15,-0.0612054652859397,0.038721156702368,0.0272036579511789,0.0205738930435164,-0.122757512947293,0.0116902797597731,0.0252515952749682,-0.00845028095861655,0.0574532373891219,0.013821843496337,-0.0288942483582884,-0.00176365449405495,-0.00470705151747183,-0.0128426875553692,0.0202316189339975,0.0183339010715851,-0.0146687145881536,-0.0207258185789393,-0.0207057824332986
midblast.16,-0.0584137063444093,0.0364095020270676,0.051389675041721,-0.0147005692896508,0.0394322818345227,0.109528818309585,0.00775642965136634,-0.068932741420113,0.0390475120096743,0.0809722350009802,-0.0338194037741055,0.0540915683463239,0.0947154950445169,0.0445108147144144,0.0940389251342097,-0.0129095430423784,0.0614901877712745,-0.114317983594101,0.0012143035084707
midblast.17,-0.0615785003265963,0.0481469734712768,0.0449038793563022,-0.00322380055007964,-0.0934448117463477,0.0105600725752817,-0.000600403172339295,-0.103414372710301,0.15945857667029,0.169447241064745,-0.065548000688146,-0.0430986911349093,0.181902778808356,-0.217162833294101,0.251566622477955,0.140489647040878,-0.126097329018632,-0.114918420945962,-0.111177164219608
midblast.18,-0.0599453341615987,0.0338339121918467,0.0319383333744689,0.0190191698849372,-0.12134082572685,0.0519137229376527,0.0242678323728812,-0.028674676033874,0.0982354796480244,0.101040709045282,-0.0363358097300944,0.0121668464158646,0.0812477206834576,-0.0388458899292745,0.0637799738699529,0.0237188461332017,-0.0875014096414062,-0.065545585943328,-0.0043868962163118
midblast.19,-0.0610438842649431,0.0429207337556461,0.0393802277192355,0.0037769965988894,-0.120103417510955,0.0214704015169374,0.0174455773453421,-0.0898639993741333,0.170705656210427,0.168955618793392,-0.066517164806635,-0.0302847746007713,0.180431212834422,-0.233847063838188,0.251036582008931,0.155077022938367,-0.135767540709363,-0.11600076836853,-0.111345141672231
midblast.20,-0.0607675014956387,0.0364099208546377,0.0392336011424227,0.0124057210700466,-0.122773820837867,0.0108837219657408,0.0417629892440976,-0.0016508087643169,0.0805583146124826,0.0338426849733453,-0.0433934889275283,0.0255340001977056,0.00573712714581,-0.0361993468885937,0.0248627263963374,-0.0126636552545669,0.0290179409842664,-0.00790612172292379,-0.0387737902450342
midblast.21,-0.060769996181002,0.0405236501224988,0.0394603714877575,0.0107829124692472,-0.0920557332357246,0.0220327652151561,0.0312259455049274,-0.0485001246429965,0.0582779681292452,0.022277663139301,-0.0110693805479958,0.00402284447410993,-0.00130830210709392,-0.00382623645208783,-0.0262442405597903,0.0307119073894324,0.0128633998653112,-0.0201347516841995,0.0257140532335936
midblast.22,-0.0630387988604524,0.0399411161229932,0.0285144098740524,-0.000122574050471606,-0.0492172813268483,-0.0490234538709315,-0.0272859538924697,-0.0237733023325357,-0.00763824636165654,-0.0422138940908852,0.00970273279789505,0.0282994204223559,0.0190849325816312,0.0741957580928524,-0.0145577794309272,0.0133681614929656,0.0271847218669575,-0.00718230799221231,0.0221833434515581
midblast.23,-0.062899515398233,0.0362822357154558,0.012799008001086,0.0142941261745635,-0.118296517284784,-0.0343750623486491,-0.0136090469598,-0.0290702918477628,0.0344633503239598,-0.04135098023415,0.0148691518535173,0.00353543729063133,-0.0435073469855588,0.104057048946499,-0.0694512195251082,0.00730561139914812,0.0205930401518106,-0.037944340098058,-0.0132495223922614
midblast.24,-0.0629181071203375,-0.027483647210773,0.071062058627033,0.0389292118944308,0.0510769430860731,-0.0765658527678888,-0.0262088292907213,-0.074201803060069,-0.0382513982152491,-0.0275504590109553,0.0243583528446568,-0.0412504300349505,-0.0371202890402937,0.0193017679778332,0.0390600903971959,0.0231366593049137,0.0495325764599764,-0.00186238640516399,0.010790714768606
midblast.25,-0.0631386806186587,0.0468105182088756,0.0351536040294086,-0.0279328337275269,0.0844705775850552,-0.0696789491603304,-0.055149843991904,-0.105983379220614,0.00350431329671437,-0.0312443666832538,-0.00454853174754259,-0.0158782015623418,0.00987651116577143,0.0162845202719409,0.0105769022657189,-0.00894913071894696,0.0292994365682641,-0.0240511815575231,-0.00547905456136201
midblast.26,-0.0615198985372472,0.0360587181737921,0.0101940281426407,0.021116622210411,-0.107636959240059,0.00417884954174594,-0.00388713390023569,-0.0280310613639344,0.0454366021860108,-0.0113088722847211,-0.0335695920191121,0.0228969958033294,-0.0199757018098982,0.0656854508808149,-0.0594875648971152,0.0171430486797706,0.00898611138848978,-0.0204632672754921,-0.0406430514102821
midblast.27,-0.0627919200643516,0.0457264006191086,0.029122093661662,0.000622929195307536,-0.0928917663881245,-0.0423510812422853,-0.0137918384289135,-0.0364027144517254,0.0263930885703085,-0.0116343203757767,-0.00357456124934376,0.0252582940404226,-0.011377564132202,0.0674620614535789,-0.0446036198558681,0.00548436926148793,0.0291558769665261,-0.0336851369048257,0.0151177035577251
midblast.28,-0.0606120916408852,0.0344684669926552,0.0208347379739807,0.021696714403122,-0.130223359807387,0.0373925879510331,0.0154779381959825,-0.0150706880341401,0.0346989381367932,0.0152107960865503,0.0292085769341203,-0.00308633399381794,-0.00353062861925451,0.030615652752807,-0.0305018354970751,0.0151492194070301,-0.00580281271701848,-0.0519621638674403,0.0312325530212638
midblast.29,-0.0610252976907391,0.0316242639221694,0.0099997546501453,0.0216965276417585,-0.116983509958651,0.0268781061579605,0.00803000295459645,-0.0305799631225587,0.0390301171599319,-0.0270594543246573,-0.0184197695186823,0.00569831007488393,-0.0132055333877372,0.0554801524569505,-0.0702616969666251,0.0650529947374605,0.0208853857721872,-0.0356330894878423,-0.0295628105849432
midblast.30,-0.0606215395312803,0.0355452658061923,0.0431307317266271,-0.0271134252171271,0.0858839027537285,0.026013144041953,-0.0146560279939301,-0.0913641551201506,-0.0228308055904995,-0.0284909011513756,-0.00322168995350353,-0.000175673406086423,0.00942265237755169,0.0421207978387629,-0.000634301483425244,0.0143300543268081,0.0615360636904666,-0.00680143782203474,0.01095473174213
midblast.31,-0.0607567146999506,0.0330668533646611,0.0164730057637971,0.0238596971940511,-0.110039492114202,0.0228116617311617,0.0122683717112334,-0.0411958126802396,0.0372986588305726,-0.00924877107979742,-0.023857230802622,0.0110537760242417,-0.04432440792769,0.0492595601637067,-0.0810057581057226,0.0768187801080821,-0.00186400268002656,-0.0132336639006156,-0.0345215346657769
midblast.32,-0.0642063617286114,0.0347792979025619,0.0337829146919796,0.000324258489663048,-0.0545614754935215,-0.115010412455592,-0.0371650520616584,-0.0390470015712289,-0.0199146966771678,-0.0329279483848917,0.0190009044755058,0.0228433139779275,-0.0479503844168843,0.0667971914568708,0.0116679094988456,-0.0135090304581266,0.0480437968956281,-0.0205952645764158,-0.000743576472737904
midblast.33,-0.0619926419235965,0.0369866401551931,0.0209950312117536,0.0219875765412332,-0.137555646167404,-0.033115591522802,-0.00266929606780109,-0.0259612226205381,0.0385470816089429,0.0203729326045049,0.00976238844762031,0.0221444567406876,-0.0169934777402056,0.015216187678138,-0.0565843954781819,-0.0229256519378343,-0.0262332975035321,-0.0230725000254413,0.0405409250692701
midblast.34,-0.0631310826838222,0.0424963562472866,0.020247357473921,0.0189771265184117,-0.148082355448335,-0.0690843119231353,0.00258997566619231,-0.00404385577807769,0.0397873171234863,-0.00104586974265666,-0.0300028844329889,0.0284914165298756,-0.0257440308486188,0.00932632151477741,-0.000585454072651689,0.00545267915138967,-0.00923900601858726,-0.0121913964935277,0.00615460907355266
midblast.35,-0.0620008074237535,0.0377319569041612,0.027219722563218,0.000103057360412794,-0.0680297964210055,-0.0165058985878625,-0.00809660472485702,-0.0135916467401243,0.00793303916961746,-0.00746476547585999,0.000462487151034988,0.0207833898828669,-0.00207690931680668,0.0652833828970087,-0.0147176512615557,0.00235326968048319,0.0179523319724216,-0.00341097302227474,0.0425994482788773
midblast.36,-0.0644440223013076,0.0401934662694949,0.036397247429075,-0.00728090804480132,-0.0279026965009343,-0.117364662089574,-0.0424911401621076,-0.0539387634710759,-0.00774238222910735,-0.0362177239079272,-0.015062643260822,0.0394447992819781,-0.0376363833264417,0.0764627625694437,0.0137976045735536,-0.00909406335690125,0.0405439992650257,-0.0187064830104757,-0.00724742138691575
midblast.37,-0.063947010336997,0.0305445182173333,0.0325250885223361,0.00476392164217545,-0.069040592515001,-0.0877352058570854,-0.0300981002153199,-0.0505220466361354,0.00825743856360788,-0.0511510473427432,-0.0377383310548744,0.037531217797302,-0.0392109281652644,0.0788113957560526,0.0219477312912171,-0.0079740223399348,0.044019714308035,-0.00880912545760184,-0.030072954896059
midblast.38,-0.0640184697392924,0.0493765325991154,0.0327011210623321,-0.0180689053310284,0.000751383904684483,-0.103472297273237,-0.0502363428489517,-0.0432184441485958,0.00916820218354113,-0.0309644142804834,-0.0524358400480065,0.0438157326404327,0.00202025261849537,0.032827278579899,0.00947655242764345,-0.0131825163089153,0.0214509337602821,-0.0139323044145821,-0.00474376528131226
midblast.39,-0.0608074415182754,0.0274193189252003,0.0400540398729101,0.00365203594642572,-0.0135768107379143,0.0300446961211534,-0.0172972162647849,-0.0488630856977664,-0.0334446715339541,-0.0492795140513093,-0.0639220383909676,0.0953397655103846,0.0214755676107028,0.122181664739197,0.0166183325612619,-0.0103289983640073,0.043525463532125,0.00734698753755773,-0.0505907438598814
midblast.40,-0.0604348905169747,0.0227095648351265,0.0286138315392258,0.0148641805386732,-0.0882680407098484,0.0406611639301256,-0.00386276324981204,-0.0657276904736213,0.03851290946656,-0.0123402750604645,0.0525865235125968,-0.0608910880376777,-0.0961392002069657,0.129580183544729,-0.0464836332230725,-0.00297821991601666,0.0259883411618218,-0.0336466193883423,0.00250468256426578
midblast.41,-0.0611369230131731,0.0386810410734763,0.0329423520708109,0.00390894566410921,-0.0976820334404266,0.0208569979177656,0.0127528056225657,-0.00557717427681946,0.0152708531571561,-0.0116706850136051,0.0400643456097537,0.0184687849619465,0.0354351841125144,0.0796335534780705,-0.0744110975248656,0.00307025985401244,-0.00106403073995457,-0.0283277779794666,0.0411485070977926
midblast.42,-0.0574256367240416,0.025986391355082,0.0543203273228919,-0.0351057289575079,0.0945389794083947,0.124603539498899,0.0170990246133978,-0.179615447810373,0.0965684381699947,0.107205253772009,0.10915298932806,-0.0588849005076968,-0.139852494758146,-0.0438506115511799,-0.116849593903652,-0.129338994462727,0.0178021435347434,-0.158994279301524,0.181194147801
midblast.43,-0.0600164971755986,0.0444878503019298,0.0664409702718723,-0.0347313611800206,0.0681836999176652,0.0497760730393787,-0.00482322417527694,-0.0798328413074692,0.00206691863857979,0.0744872373957117,0.0050473380622613,0.00110379467077404,-0.000882666806518564,0.0364436503958431,0.00176057823937397,0.000373949767085657,0.0823282617156579,-0.0313547280555303,0.0510089372928856
midblast.44,-0.062706796994636,0.0505912055253206,0.0475458113612603,-0.0135323565333435,-0.0655308665877588,-0.0529307335303852,-0.00332153211861306,-0.0302106962974809,0.0422549908897668,0.0139452079862169,-0.0215356705030944,0.0334787146212366,-0.0192209669548304,0.0137677431007511,-0.0398551039893815,-0.0245419003354508,0.0300784813058694,-0.0232261607774238,0.0145570288554012
midblast.45,-0.059398129231422,0.0397430562005453,0.058258087689551,-0.0267941865127599,0.0699493036464147,0.0660929307648855,-0.0022068898214254,-0.100865848309628,0.0358350039473797,0.0412538630642411,-0.00318245203471815,0.0294336479548121,0.0118665037232657,0.0170654424371787,-0.00371404704697026,-0.0434353508315047,0.0873414405910227,-0.0315474469381289,0.0428560826525956
midblast.46,-0.0616680565661087,0.0430454654408367,0.0440123103995343,-0.00252652153418868,-0.0889810571029056,-0.00748434206743326,0.0281022723795487,0.00970370801650043,0.034923934086766,0.0280285925618302,-0.0099309492638094,0.0245835289611774,-0.0013655636313592,0.014800745787475,-0.0303560983755622,-0.0141386811228119,0.0511502150848528,-0.0358988291187749,0.0386540200695819
midblast.47,-0.0586928644798179,0.0292304774966963,0.0550520964348431,-0.0245657322166884,0.0374028635271383,0.0931285352843521,0.0259148392676902,-0.0765864811296906,0.0639464875163,0.0488536406746453,0.0425082629090693,0.00793148860615323,-0.0350377698017336,0.0205939065972519,-0.115988275356263,-0.0840734970925683,0.123124002352193,-0.113408718856897,0.140586155008173
midblast.48,-0.0582463530697007,0.0308466471795536,0.0478092763047908,-0.00273919568579413,-0.051560760118285,0.121360695140808,0.0356725935863608,-0.0796389452022974,0.0568719521734186,0.112960262887854,0.0412588031349644,0.00512613007449211,-0.0476109066372505,0.0578114043656682,-0.120662703607521,0.00551360449839284,0.00559300349581234,-0.00185272742611481,0.092048619050372
midblast.49,-0.0600014689821341,0.0366875715051759,0.0448210857982144,-0.00898191922817003,-0.0723616412070348,0.0549662780206074,0.0324043313556054,-0.0611308518883864,0.0613783508540903,0.0497597788285995,4.9119176576401e-05,0.00233350815180731,0.00353747701252394,0.0258851291962185,-0.0589529218362693,-0.0129977245768434,-0.01093801159755,-0.0360242680203367,0.0496235571077612
midblast.50,-0.0609613321455547,0.0466946166496761,0.0531225915036365,-0.0248764950150114,0.0589013483596941,0.00222146752207742,-0.0163189882184723,-0.121964100067443,0.0401010640652872,0.0324079464215398,0.00782350368183675,0.0209463042423576,0.0132853423167996,0.00665485742359541,0.00261547953026976,-0.0171775519041233,0.0586282505204731,-0.0229933667334735,0.021763104580906
midblast.51,-0.0615152260831852,0.0471215145732406,0.0597623401804616,-0.0382866788603731,0.0913888429324979,-0.0297677810446699,-0.0143226954362231,-0.0968601841140296,0.0660763112531259,-0.000139481892204358,-0.0600425581237806,0.0619182115127365,-0.0013031020171714,0.00782989050223563,-0.0095235344179373,-0.034071233658022,0.012318130428867,-0.0177109008194077,-0.0023645362460315
midblast.52,-0.0612705404987884,0.0461832759220666,0.0535690123371389,-0.0244912965817335,0.0547286896955008,-0.0020329037358882,-0.00949140878325551,-0.109322514288807,0.0392837082807699,0.0270891516452684,-0.00355969652007044,-0.00204519557882472,-0.00606666163640844,-0.0222182719526441,0.0312556696253828,-0.016654927072483,0.0647916597665827,-0.0120618926976807,0.00659397240094477
midblast.53,-0.0619664524213413,0.0506062181170274,0.0598508722383358,-0.0447067232534679,0.0900331544328743,-0.0372024524312797,-0.00923549055578887,-0.10660504520324,0.0677832243785075,0.0266268012978836,-0.0418806497449185,0.0326554750132439,-0.0139458398659931,0.0292449623745467,-0.0191454119443782,-0.0497589210195011,0.0306865574231142,-0.0177997910070309,0.00999996381145403
midblast.54,-0.0612740163933096,0.0493648054159488,0.057642813308953,-0.0377088334576918,0.0890789762968961,-0.00812443683481339,-0.0181595010545619,-0.110019190173238,0.037699748204571,0.030381097555204,-0.0331120536564532,0.0318750298579093,-0.0166279744063834,0.00183261790994662,0.0177998788759785,-0.0408294115445303,0.0308756033609769,-0.00167387674548021,0.00922671406693877
midblast.55,-0.0615169813281687,0.0491544995677912,0.0587056979499856,-0.0398522753327477,0.0780264231044938,-0.0272998857062964,-0.0124322503596981,-0.0872697687803132,0.0579581643875549,0.0270548998794283,-0.0476214591320177,0.0341721245258514,0.0100095184840995,-0.00173170469041163,0.0117420095245881,-0.04921981128002,0.038579871330892,-0.025151754811426,0.0151732251902666
midblast.56,-0.0620343089392776,0.0489369838887659,0.0573164578267686,-0.0316872622125963,0.0276085804420078,-0.0364489870057286,-0.00829901296031702,-0.0759047219663709,0.0812381504692409,0.0355353012162108,-0.0231599051281909,0.0081833021240675,-0.0172812834985028,0.0458543889802041,-0.0256770749452076,-0.0609960523421934,0.0617831980806158,-0.0546028605046129,0.0296752610631436
midblast.57,-0.0619254970663926,0.0467010016478312,0.0562279425195401,-0.0436547849881901,0.0863213732699739,-0.0435370234324857,-0.00941080342840707,-0.0538699471366714,0.0276579523659044,-0.0202590712979251,-0.0243105186719145,0.0374941087948503,0.000524457337654913,0.0398785811646905,-0.0305782999779542,-0.0330349771966185,0.0622973398379195,-0.0589542018035233,0.0422072173047132
midblast.58,-0.0631180406739059,0.0526551115856539,0.0591972186061124,-0.0427135951573355,0.0695260082844462,-0.0818894178784912,-0.0201790420972232,-0.0725223745885371,0.0411634136760698,0.0110735139193308,-0.00727438698077381,0.00146974334376765,-0.0207589585360336,0.0197626477641302,-0.0158622499509705,-0.0392553591386838,0.0384873490129117,-0.0316003406471947,0.0377488681401737
midblast.59,-0.0604965828086752,0.0450711864478839,0.0650115567404163,-0.0417319296059156,0.0670695002484715,0.0220174664974027,0.00745987476078568,-0.10469741313849,0.0926865168584649,0.0600883897397135,0.00803376694364179,-0.0254679458770536,-0.0278985305576898,0.033697222048748,-0.0447130398878512,-0.0852584805734795,0.042934060524342,-0.023674979223067,0.0512437635189286
zy,-0.0580864481846141,-0.15036845058412,0.110138933486143,0.184029875565157,0.0365749794480604,-0.0515303727702821,0.0774500617631176,-0.0225363025471715,-0.0100999422908151,-0.0111031119748422,0.00634370203737393,-0.0167277529065532,0.014130166127958,-0.0243979476982209,-0.02862081694712,0.00493157658441103,0.0160527610061958,0.0012246012936589,-0.000721763353087551
zy.1,-0.0581523322484637,-0.152498069987027,0.111631999283708,0.192365268364454,0.0370083572195093,-0.0550609625473333,0.0843584590299434,-0.0217652475379449,-0.0122041753107247,-0.0112680658876368,0.000590164654799942,-0.0186377900181559,0.0165845008289624,-0.0288654148748324,-0.029500635886126,0.00995739593328208,0.00550993864802243,0.00514407924245755,-0.00307551163738813
